3.751
-1.9591
1.1435
-1.4931
3.7487
-0.45387
2.4639
-1.8984
-1.2442
-1.7719
-0.79133
-0.57529
2.6545
0.18745
3.7487
0.37283
2.0303
-2.5506
-1.2802
-0.46349
0.23329
-1.0542
2.369
-1.5284
-1.208
-0.11303
-0.72575
-0.36957
1.9998
-1.6314
3.3845
0.29773
2.2569
-3.2969
1.6452
0.11354
3.483
0.42936
0.782
-0.078552
0.28032
-0.27449
-1.9733
0.84983
2.0669
-0.96636
-0.9994
-3.217
3.1502
-0.70967
3.1502
0.70629
0.54737
0.23217
0.62776
-0.50996
1.6007
0.46762
-0.50165
1.1102
0.69321
-1.4938
0.89479
0.80582
2.967
-0.60075
-0.39396
-0.52131
2.863
0.010852
0.78771
-2.575
2.5416
0.13185
4.0177
-0.36042
3.1026
-0.78109
0.061074
0.32331
-0.15103
0.079118
1.9776
-0.57466
1.4303
1.3807
2.2935
0.27026
3.7487
-0.51874
3.5203
-2.3546
-1.4841
-0.99749
2.863
-0.11744
0.089731
0.42185
2.8878
0.21898
-0.60073
1.9937
1.1435
0.058526
3.5418
-1.7389
-1.2612
0.55665
0.54737
-0.34827
1.8311
-2.6619
1.6814
-0.81933
1.7774
0.24038
3.0006
-1.2202
2.5191
-0.78458
-1.3024
0.15574
2.9301
0.62681
1.0349
-1.7834
0.89479
-1.0288
-0.1362
-1.1059
1.9998
-1.7797
0.43739
-1.6191
0.2079
-0.85159
3.7487
0.026727
2.863
-0.89185
-1.7511
1.3189
1.2469
-1.4744
-2.1898
-2.9537
-2.9553
-1.4895
3.8452
-1.2982
2.1374
-2.2414
1.4173
1.3569
3.7487
-0.22424
0.81107
-0.25873
0.54737
-1.4626
0.071109
-0.94477
-1.6545
-2.3563
2.4475
-0.22679
3.3809
-0.32814
0.51116
0.46682
2.863
0.9138
2.9301
-1.4299
-0.67611
-2.1694
3.0628
-0.85159
3.0628
-0.92462
1.9998
-1.2068
3.8271
0.10337
4.0403
-1.955
0.011873
1.0067
2.6231
-0.40593
1.6985
-1.3919
0.71599
-0.15788
2.4665
0.62721
-2.3367
-0.33811
3.7042
-2.1227
3.0628
-0.78427
0.36743
-0.43969
1.8397
0.9436
-0.79061
0.9013
0.8764
-1.211
3.2289
-0.26317
-0.76759
-2.7711
3.1026
-1.0684
0.28032
-1.7138
3.2647
0.23442
1.5786
0.56471
0.089731
-0.52367
3.7042
-2.516
0.39093
-0.93667
0.13716
-1.9562
2.6545
-0.081542
3.3297
0.94619
3.2289
-1.9476
-0.086208
0.98731
-0.9994
0.00078159
-1.2184
0.052833
2.0824
-1.4091
2.287
0.73723
2.9362
0.9547
0.050269
-0.0089083
1.3937
0.30562
-0.38098
-0.88593
-1.3024
-0.74885
0.95293
0.073766
3.3408
-0.95324
0.73838
-1.9461
3.7487
-1.0455
2.5617
-0.027964
2.863
-0.0079678
2.0669
1.1825
0.54737
-0.62761
3.1912
-1.3434
-0.73702
-0.050066
0.58153
-0.96772
-1.9189
1.073
3.7291
0.77103
-0.1362
-1.3632
0.85623
-0.16218
2.9301
-0.25981
2.1374
-2.8227
0.17682
0.52997
3.0006
1.5094
3.3297
-0.21742
1.3937
-2.7857
2.4665
-0.11525
2.4665
-0.21847
0.089731
-0.26413
2.9301
0.59742
1.9998
0.40765
2.5046
0.11967
3.0006
-1.6051
3.8497
-0.82893
0.2079
-2.4257
0.95293
0.0073598
0.31804
-0.56011
0.89479
-0.034874
2.5046
0.0084006
-0.21864
0.179
-0.46339
-1.3599
3.0628
-0.34673
4.1045
1.0612
0.28032
0.58831
3.1026
1.0215
1.2698
-1.0407
0.95293
-0.54591
3.7042
0.42271
0.95293
-0.88197
-0.23792
-0.068836
0.89479
-1.5805
-0.10041
-0.48827
3.1268
-0.60707
1.0923
0.76883
3.751
-2.4581
0.22179
0.42313
-2.0234
-0.035545
1.5868
-2.1983
2.1374
-0.37012
0.61737
-1.3263
-1.861
-0.18632
2.9639
2.6536
3.0628
0.71596
2.5617
-2.1341
1.9776
-0.25744
2.6639
-0.29534
3.3297
-1.6123
2.2655
-0.64929
2.369
-1.4076
1.8505
-0.10194
2.5617
-1.0803
-0.27929
-0.02277
-1.663
0.278
3.0006
-0.28506
0.013698
0.76748
-1.969
0.8827
-1.6472
1.331
-0.32298
1.0059
2.4475
1.2513
2.863
-1.0891
3.2289
0.16182
0.76599
-0.93213
-0.31583
-1.0862
-1.5094
0.058294
3.0628
-0.9615
2.287
-0.076873
-1.6377
1.2574
3.0628
-0.28063
0.30142
1.806
0.13716
0.93654
2.0669
-0.72767
2.4564
0.37584
0.95293
0.66036
1.1435
-0.80085
1.5693
-1.4005
2.1374
1.2574
1.4244
0.0712
3.0536
0.73513
0.89479
-0.66204
1.9134
0.38946
0.044385
-0.37701
2.4663
-0.37541
-0.81882
-0.39204
0.21205
-0.59527
3.3408
-0.62495
-0.21378
-1.9507
0.89479
0.67539
0.39851
2.1893
3.751
-0.87299
-0.88772
-0.54313
-1.4223
-0.049536
3.0006
-0.863
2.863
-1.1981
-0.34477
-0.7304
-0.90721
-1.4955
0.89479
-0.534
0.78104
-0.557
-1.7509
0.58805
-0.88102
-1.2076
0.39093
-0.37901
0.54737
-0.68087
1.0124
-0.33641
0.2079
0.453
-0.99777
-0.20697
0.031592
-0.35542
0.97832
-2.2408
-1.0543
0.67274
0.54737
-0.36099
3.1502
-0.071388
1.5058
-0.31917
-0.52112
0.19096
3.0006
-2.0409
-0.54424
-0.11831
-2.3367
0.020286
3.7291
-0.48412
3.2289
-1.5229
2.2569
1.393
2.3307
-0.82137
3.8271
-0.9796
2.5596
-0.90133
-0.77905
-0.25824
-0.77447
0.13801
2.8878
0.023187
3.1502
-1.9453
3.3297
0.68285
-0.31583
0.21251
-0.22457
-1.2621
-1.861
0.025639
0.782
-0.7534
2.3271
-1.103
3.0628
0.02523
0.59794
-3.1079
-0.62741
-1.1161
-0.66063
-1.2498
0.54737
-1.5445
2.1835
0.056142
1.7774
-3.0955
3.0628
-0.23555
-1.8059
-1.9292
3.0006
-1.0097
3.2289
0.5125
2.863
0.53624
0.4085
0.00521
3.0628
0.3501
2.5617
-0.18482
3.0006
1.4092
1.9998
-0.36753
3.0628
-0.68495
0.13179
-0.098022
-0.36101
0.13489
-0.61896
0.93056
1.1435
1.331
-0.9951
-0.6435
1.6452
-2.2518
2.4639
-0.26916
0.95293
-1.716
2.9301
0.63075
-1.053
-0.10169
-1.7271
-1.3602
1.6917
-0.54001
0.089731
-0.22413
2.5903
-1.5605
1.6421
-0.74064
2.0669
-1.0425
0.95293
-1.4577
4.0403
-1.0302
-0.094935
-1.5169
2.4841
0.3928
3.1939
-0.60297
3.0284
-1.3708
2.4639
-0.059709
2.2569
-2.868
2.5046
-1.2371
1.0854
-0.93283
3.1948
-1.1529
1.8823
-2.4678
-2.1656
-1.5716
1.4173
0.08012
1.1064
-0.55805
1.0854
-2.2327
0.89479
-0.19043
1.1035
-0.15691
3.7042
1.2622
2.1996
-0.54542
2.7523
-0.50106
1.6452
-0.42817
3.751
1.0466
3.9898
-1.0826
1.7774
-1.2313
3.0628
-1.7736
1.7774
0.34639
-1.9067
-0.64014
2.4475
0.74335
2.863
-1.0536
-1.4626
-1.5314
3.8497
0.50512
2.2935
1.966
-1.5548
-1.954
2.5046
0.18029
0.95293
-0.33071
-0.56384
-0.17275
4.1045
-1.5426
0.88873
0.42778
-0.31583
-1.2048
2.2569
-1.0528
1.523
-1.4702
0.782
-1.8495
3.3196
1.2333
0.95293
-1.9044
1.6867
0.47144
-0.31577
-0.8984
0.089084
0.62559
1.9362
-0.71476
3.4195
-0.66365
-0.90651
-1.4195
2.2569
0.10118
2.4438
-0.041369
0.54737
0.80207
3.2932
0.53024
-0.99777
1.5646
1.2235
0.22091
1.7939
-0.61563
1.6452
-0.55012
2.5046
-1.1533
3.0284
0.21142
0.95996
0.3299
3.2289
-0.68184
2.369
-1.236
-0.80716
-0.12486
1.6917
0.22163
-2.1175
-1.0352
-0.31583
-0.79914
2.4639
-2.0777
2.863
0.51492
-0.79133
0.32256
1.2465
0.57611
3.5136
-2.2359
-0.31577
-1.7564
3.2289
-0.20794
2.5596
-0.69297
3.0628
-0.43626
2.9865
1.1172
2.5617
-1.992
0.89479
-0.56557
3.7487
-0.59878
0.54737
-0.89403
-0.64311
0.36583
-0.67611
1.1012
-0.81803
-0.77647
-0.19758
0.17152
0.2079
0.053093
-0.77447
-0.37279
1.6452
-0.39981
2.9406
-2.1923
-2.0757
-0.93459
-0.23544
-0.83708
3.0628
-0.96628
1.5868
1.0306
-0.93602
-1.5801
1.9998
0.16808
0.46664
0.78328
0.044596
0.69356
2.4325
0.44945
1.1589
-1.658
2.369
-1.0026
-0.55905
-0.22125
2.4665
-1.3359
0.14686
-0.80816
0.031592
-0.68912
1.5619
0.39995
3.1026
-0.42106
3.0006
-0.62211
0.20627
0.5459
3.5136
-1.6054
-0.92227
-0.85214
2.1996
0.99883
-2.0816
-0.83107
1.6007
-1.1679
0.73798
-2.0147
1.8397
-1.3863
0.13447
0.23944
0.95293
-1.2716
1.9462
-1.0255
1.1123
-2.2104
2.708
0.37048
-1.0643
0.75738
-1.7659
-1.8997
2.863
-0.090892
3.7472
0.18438
2.3657
-1.8752
2.5765
-0.49413
1.6007
0.66938
0.38425
-1.9133
2.9301
-0.1762
0.54737
0.32289
-1.9027
-0.13487
-0.58288
-0.78145
3.0628
0.55811
-0.38098
-0.14187
2.5765
-0.94777
0.89479
-1.0222
0.057567
0.18525
0.73798
0.71717
3.0006
0.47317
-1.6565
-0.89052
1.8035
0.17009
-1.1181
1.9889
3.7504
-0.69798
3.3297
0.57273
2.9301
-0.50705
1.6452
0.30264
1.8035
-1.3401
0.021448
0.22217
-0.09495
-0.86207
2.863
-1.4978
0.89479
0.74872
1.9998
-0.9033
0.45035
-0.67806
1.1435
-1.6131
-0.46414
1.182
3.5136
-0.68568
-1.4792
-0.15784
-0.54542
-2.0386
1.6007
-1.0541
2.8878
-2.293
0.0025021
-1.0412
3.0628
0.7406
3.0284
-1.2677
3.0536
0.58476
-0.21383
-0.51545
2.6504
-2.842
2.9865
-4.3301
-1.6996
-0.29985
3.1026
-0.31616
-1.6565
0.34445
3.0628
-1.5945
2.9301
-1.3169
-0.54424
-2.3478
2.9301
-3.1007
3.1502
-1.546
-2.0816
-1.5695
1.0679
-0.32082
0.89479
-0.051312
2.3271
-0.56923
1.7894
-1.9901
2.4639
-0.29576
0.73798
-0.42925
3.1502
1.4628
-2.2258
-0.22651
3.0628
0.033268
2.1996
1.1014
0.2079
0.1842
-0.99777
-1.2178
2.863
-1.1205
2.6639
-1.0602
-0.55437
-0.19379
2.6231
-0.80162
2.1652
0.28396
2.9865
0.15056
3.0006
-1.3919
0.73798
-1.5978
0.89479
0.054812
3.8497
0.23996
3.5136
-1.4568
0.089731
-0.0318
2.4639
-0.19282
2.863
1.0386
3.0628
-0.12054
-0.31583
-0.40628
3.3408
-0.59043
3.8497
-0.285
2.1996
0.055391
-1.9162
0.0084145
2.369
-1.4747
4.0358
0.31821
0.78352
1.3434
-0.28426
1.313
-0.23544
-1.0033
1.1532
-0.52831
2.4475
0.9104
1.6452
-0.045082
3.1268
0.12449
3.4094
-0.79658
2.9301
0.70179
3.1026
-1.4161
-0.35363
-1.9265
2.4639
-0.21704
-1.5722
-0.38163
-0.61483
0.10623
3.1502
1.0149
-0.99777
-0.40486
2.2394
-1.4908
1.6452
-2.8851
2.0286
-1.2269
3.1903
-0.50814
1.2465
-1.8029
0.054404
-0.21645
2.0669
-3.2997
3.5136
-0.1211
0.95293
-0.81722
3.7472
-0.2905
3.4048
-0.61498
-1.8299
-0.5727
