-0.45754
-3.3023
-0.26694
-0.0737
1.921
0.69734
-0.89884
-1.6226
1.1066
-1.86
3.4729
-0.91384
1.4674
-1.2924
1.4122
0.5914
-0.26694
-0.6499
0.08165
-1.2548
-0.74725
-2.4861
3.1783
-2.109
-1.3207
0.19602
3.3296
0.38882
-0.97524
-1.3712
1.1917
-0.39779
-0.45754
-0.21493
3.139
-0.44365
0.15116
0.10319
2.2758
0.71176
1.2487
-1.6736
-0.71717
-1.5247
-0.78155
-0.46675
-1.6105
-2.8215
0.08165
-1.4482
3.322
-2.1837
0.14604
-2.3443
0.08165
-1.4614
-1.762
0.21824
-2.1603
0.65435
0.15116
-0.48621
-0.74725
-1.5702
-0.6685
0.78858
0.22205
-1.6546
-0.116
0.57681
0.14604
-1.4065
2.3151
-1.603
0.34176
-3.5646
-0.45754
-1.3341
-2.3094
0.10319
2.6097
-1.8196
0.59895
-1.9618
2.3151
-0.49218
-0.85911
0.2362
1.7947
-0.33121
0.67698
0.33304
2.6069
-3.0598
0.42533
0.22817
-2.6863
-0.28785
-2.1132
-2.4856
-1.1065
-1.6446
3.3296
-1.3853
-0.85911
-1.0848
-1.8861
-1.5683
3.1783
-1.8067
-1.687
-0.63503
-0.45754
-0.066828
3.3835
-1.0985
3.139
-1.4438
-0.58018
-0.24158
1.3095
0.4908
3.0932
0.046238
0.059223
0.014139
3.1783
-0.56086
0.15116
-1.2039
-1.6033
-1.0395
-1.8194
-0.83905
0.36093
-1.4441
-0.11204
0.68278
1.2487
-1.6446
3.1783
-1.5247
-1.2335
-1.1305
0.41354
-0.031239
-0.58018
-0.43218
0.82457
0.12543
-1.7223
-0.56855
1.0011
0.50193
-0.85911
-1.411
1.0904
-2.1966
0.82457
-2.1896
-0.89884
0.41586
2.3151
-0.80943
0.078569
-1.2548
3.3296
0.45309
-0.11204
-0.026
3.1783
-0.94139
-0.11204
-2.2452
1.921
-0.37103
0.48638
-0.71253
3.4729
-2.5114
2.2758
-1.0036
-0.74725
-0.19918
