3.4699
-1.7147
-0.50325
-1.2163
2.1273
-0.89708
-1.4247
-1.4629
-1.54
-3.0213
1.0543
-0.16976
2.7922
-1.7911
2.6016
-0.19876
-0.92053
-1.9636
2.1452
-1.7297
1.7159
-1.0123
0.56318
-1.6248
-3.3608
-0.52539
-0.6048
-2.4597
1.7384
-0.72556
-1.5533
-0.96343
-0.88833
-2.2172
3.4699
-1.7846
-1.3329
-1.9316
-1.4949
-0.36326
-0.7954
0.41319
0.1911
-3.0161
-1.9817
-1.6946
-1.6586
-1.4269
2.1452
-2.233
-1.44
-0.84836
-0.70081
-2.5386
-1.9854
-2.7177
-2.0358
-1.4308
-0.15687
-1.0584
-1.7774
-1.1675
3.1098
-0.89419
-0.82439
-2.7184
-1.98
-2.8075
2.7235
-1.9473
-1.791
-2.2874
-2.2879
-0.95139
-2.0962
-2.8385
2.3941
-1.0483
-1.6048
-0.74872
-0.68213
-0.15826
-1.911
-2.1267
0.1911
-0.64022
-0.45478
-0.79356
1.7159
0.34965
1.2449
-0.35385
-1.4856
-3.0903
2.7488
-1.8016
-0.77339
-1.876
1.0514
-1.3054
-1.6004
-2.1831
-1.7947
-0.53042
-1.3329
-2.8301
-0.54923
-0.96002
-0.025198
-1.3368
-2.0358
-0.34675
-1.9121
-1.5101
-0.982
-0.76952
2.3941
-2.927
1.0514
1.7984
-2.1295
-0.8753
-0.99931
-1.9149
-1.4247
-1.4058
3.4699
-2.4678
-0.17693
-1.3414
-2.1961
-2.3742
-0.01984
-1.3347
-1.7774
-1.8439
-0.9984
-1.9063
-2.3954
-0.89128
-1.3904
-3.0953
-1.5608
-0.36436
-2.6406
-1.2606
-1.1454
-1.984
0.2315
-1.5397
1.5309
-1.5168
-1.1726
-1.7833
-0.14393
-0.59321
-0.11087
-0.80065
-1.1726
-1.7343
-1.4247
-1.655
-2.1961
-2.1995
-0.92618
-2.2233
-0.8078
-3.3287
-1.9854
-1.5229
-0.01984
-2.0138
-0.62632
-0.53219
-1.1726
-3.5895
3.4699
-2.5672
-0.62364
-0.93715
-0.8884
-1.9926
-0.84264
-0.5298
0.26046
-2.6435
-2.2868
-1.2478
-0.98816
-2.4612
-2.6071
-2.3478
-2.986
-3.3035
-1.1641
-2.2768
-2.1961
-0.10292
3.6605
-0.50681
2.6016
-1.4886
0.98174
-1.302
-1.015
-2.2241
1.2296
-1.1576
-0.044364
-1.1951
-0.00062912
1.0146
1.7159
-0.2922
1.7159
0.1039
-0.17693
-0.25643
-1.5013
-0.19871
-1.1726
-2.2442
-0.81996
2.0572
-2.3274
-1.883
-0.9984
-1.0809
-0.9984
-1.0365
-0.6048
-2.9613
2.7272
-1.0018
-0.17693
-1.8025
-1.1017
-0.90275
-2.0616
-1.4735
-1.1168
-2.0802
-1.98
-0.41711
-1.0401
-2.7686
-1.2234
-2.5039
-1.7774
-2.153
-1.7304
-0.54382
-1.7799
-3.2586
-1.4247
-2.6062
-0.9984
0.15002
2.5847
-3.9451
-0.17693
-0.18205
-1.1168
0.26694
-2.1295
-0.14033
-0.3645
-2.7132
1.5309
-1.4861
-1.4247
-0.82663
2.9141
-2.3686
-2.1961
-0.92726
-1.9389
-0.74681
-1.8625
0.0099234
2.7922
-3.0242
1.0543
-0.4856
-1.5109
-0.3256
2.7235
-1.7149
-1.9377
-1.5792
0.28108
-1.0676
1.0543
-2.6022
-0.9984
-1.3213
-2.0358
-2.1488
-1.8782
-1.5745
1.0514
-1.5041
1.0514
-2.0514
-1.4247
-2.4899
-0.42384
-2.6854
1.5613
-2.7895
-0.9984
-1.2541
0.026393
-2.2839
0.90009
-1.8388
2.6016
0.037487
-1.1111
-0.14403
-1.8615
-3.7079
0.70633
-1.8243
-1.6586
-2.9626
1.7159
-2.3247
2.3941
-0.77402
3.1098
-2.1235
1.939
-2.8585
-1.3391
-0.97676
-0.9984
-0.33455
1.0543
-1.8452
0.18998
-2.3735
-1.3329
-2.2945
-1.7774
-2.5292
-1.1726
-2.0404
-1.4247
-2.797
-2.3257
-0.85334
-0.46878
-3.0235
3.1098
-1.545
-1.7515
-1.4749
3.1098
-1.7103
1.9146
-0.74614
-0.15687
-1.8929
0.70633
-0.74163
-2.2879
-0.37517
-1.6586
-0.70389
-2.1295
-2.212
1.7159
-0.24994
1.9078
-0.63423
-2.2636
-2.0995
-0.28869
-0.676
0.45463
-2.7144
1.9146
-2.4739
-1.4247
-1.7937
-1.1726
-0.58207
-1.5533
-1.1926
-1.4005
-2.3389
-0.7954
-1.4154
0.70633
-0.10106
-1.3329
-0.58208
1.8603
-2.9372
2.8657
-1.7032
-1.9389
0.13656
-2.8473
-2.0248
1.0543
-0.31395
-1.7644
-1.3824
1.0514
-3.0524
-1.44
-0.26055
1.0543
-0.37876
-0.8884
-0.74872
0.85271
-0.34203
-1.3329
-2.1021
-2.3984
-1.0431
0.26403
-2.1961
-2.2879
-2.037
-1.3684
-0.53141
1.7159
-0.69911
-1.7947
-1.263
-2.0358
0.098004
-1.0401
-2.4301
-0.81795
-1.8666
-1.6004
-2.0747
-1.3329
-0.52384
-1.2817
-2.8098
-2.1295
-2.2475
2.3358
-2.7537
-2.2879
-2.8291
-0.8078
-0.64443
3.3004
-0.67191
-1.2341
-1.4188
3.1098
-1.1862
-0.82439
-3.8784
-0.025198
-0.66783
-1.4247
-1.3642
-1.6586
-2.0487
1.7159
0.28023
2.6016
-2.6525
0.21486
-3.7523
0.70633
-1.3598
-0.17693
-2.5413
-1.9389
-0.28465
2.2466
-1.9267
-0.982
-1.5717
0.33805
-1.9208
-0.99931
-0.77614
-1.1726
-0.76421
2.7235
-2.1313
-0.20518
-1.2603
1.5309
-1.4817
3.6605
-2.2391
2.5847
-1.4001
-2.4898
-0.72649
-1.9854
-0.97201
-1.1512
-1.0962
-1.4247
-1.1351
-1.3329
-1.899
2.1452
-1.8157
-1.6586
-3.4212
-1.9389
-1.8274
-0.17693
-0.39772
-1.1726
-3.1254
-1.8616
-1.8522
2.8657
-2.7367
0.040412
-2.1054
2.6532
-0.93527
-1.4247
-1.4962
2.2466
-1.9659
-2.1295
-2.118
2.3941
-0.65006
-0.96343
-1.1952
1.0543
-1.166
0.1911
-1.9986
-0.90757
-2.1321
-2.0358
-0.82472
-1.3329
-0.026563
-0.85079
-2.1009
-1.7786
-1.6602
2.9179
-2.7568
-0.9984
-0.98419
-0.31368
-0.77698
2.7922
-0.85558
-2.1295
-0.42357
2.3941
-3.285
1.7159
-0.47002
2.3976
-2.7315
-1.2923
-1.2689
2.9836
-1.4136
-1.1168
-2.8932
2.6016
-0.45207
-0.9984
0.067305
-2.9927
-2.5928
3.4699
-0.52768
1.7159
-1.4272
-2.1785
-1.99
0.25066
-1.326
-0.035395
-2.5879
2.2466
-1.2431
-0.99931
-2.7728
2.3941
-0.78336
2.6016
-3.0519
-0.48673
-1.1081
1.7159
-2.1175
-2.1442
-1.4039
-1.7439
-2.3263
-2.6071
-0.28142
-0.982
-2.4808
-1.0745
-1.4128
-1.7304
-1.934
1.9146
-2.354
-1.1423
-0.13489
-1.7774
-0.72451
-1.4894
-0.82472
-0.99931
-1.1046
-1.4247
-0.91839
-1.9121
-1.9337
1.7159
-2.0548
0.25066
-2.1709
2.3358
-2.6001
-0.17693
-0.89049
-0.98816
-2.9169
-2.0264
-0.66216
2.6016
-1.7556
-2.7753
-0.47075
-1.1423
-1.6547
-1.4247
-1.9937
-1.9377
-1.4183
-1.0738
-0.65711
1.282
-0.64802
-0.92618
-0.34379
-0.9984
-2.1121
-0.9984
-0.20259
0.17076
-1.5336
3.6605
-1.396
1.0543
-1.3012
0.89694
-2.919
1.5309
-1.4681
-1.2341
-1.4212
2.3941
-3.1719
2.6016
-2.4034
3.1098
-3.3238
-1.7774
-0.88951
-0.01984
-0.83032
-0.7954
-3.5498
-0.7954
-1.5752
-1.8616
-1.6933
-0.6768
-2.5972
-2.1624
-2.2857
-1.2744
-3.0764
-0.9984
-1.7672
-1.4483
-0.57566
-1.6586
-1.006
-1.3329
-2.0952
2.6016
-0.18563
2.9141
-0.77191
2.1333
-1.1404
2.6235
-0.10139
-1.1726
-1.7547
-0.80871
-1.9149
-1.2341
-1.2728
0.2315
-0.53526
-1.8767
-1.3712
2.7235
-1.8826
-0.8078
0.24551
-1.1788
-1.9103
-1.1726
-1.8704
1.9146
-2.918
-0.17693
-2.2154
1.9146
-2.6291
-1.3329
-1.1709
-1.7774
-1.0057
-0.17693
-1.1418
2.7235
-1.2185
-0.43571
-0.44189
-1.1168
-0.82341
2.3941
-1.619
-1.3578
-3.1927
-0.7954
-0.22532
1.7159
-0.90799
3.4699
-0.40603
-1.7439
-1.336
1.7159
-2.3129
-1.8616
-2.7994
-2.2868
-0.41055
2.3358
-3.2487
1.7159
-2.0517
-1.9377
-1.2214
2.7235
-3.2405
0.90009
-1.3908
2.6016
-2.0148
-0.86719
-0.99239
1.282
0.59652
-0.058349
-2.0195
1.282
-2.1954
-2.1961
-1.7029
-0.9984
-1.5385
-2.1295
-0.9236
2.3941
-1.4493
2.6016
-2.6065
-2.8486
-0.99589
-1.0401
-4.1148
2.6016
-2.028
-0.77979
-1.3864
-0.86719
-2.123
-2.1961
-0.80728
1.075
-2.0472
-2.7954
-2.3013
2.3941
-1.7349
-2.7403
-1.7088
2.2512
-1.5691
-0.9984
-2.0714
-2.0358
-2.459
-1.8625
-0.35177
-2.1961
-0.031155
-2.2868
-1.7101
0.70633
-2.4686
-0.17693
-2.0962
0.70633
0.29869
-1.7774
-3.6761
-0.7954
-1.3646
-2.1265
-1.9862
-1.0401
-0.74507
-1.2744
-3.429
-0.30554
-0.6418
-0.84264
-1.5918
1.0543
-1.9253
2.6016
-1.7981
1.9078
-0.78024
1.7159
-2.5666
-1.4247
-1.2782
-1.015
-1.6708
2.2466
-0.76806
-1.3329
-2.1557
-0.48673
-1.0244
-0.61255
-2.4649
-1.8192
-0.34485
-1.8616
-1.4508
-0.63372
-2.6633
-1.9854
-0.88913
-0.9984
-0.79811
-1.9377
-0.78906
-2.1555
-1.8842
-0.9984
-1.2071
2.6016
-1.8433
-2.6158
-1.7767
-2.2745
-0.33908
-0.17693
-0.92899
-1.7644
-2.9753
0.45685
-1.3171
-0.48673
-1.3345
0.29416
-0.7191
-0.88304
-1.6909
2.7922
-2.5193
-0.9984
-0.7627
-1.8615
-2.3402
-1.3329
-1.7912
-1.4247
-0.64665
3.1098
-1.6109
-1.4247
-1.5197
2.844
-1.4541
-0.9984
-1.0736
-2.9927
-0.85748
-1.1168
-2.7732
2.9141
-1.6466
2.9141
-0.97153
2.1452
0.012719
-1.7304
-0.89335
-1.1423
-1.7785
-3.15
-2.2879
1.4441
-0.13503
-2.0358
-2.0546
2.1452
-3.1491
2.6016
-1.4021
-1.3649
-3.925
-1.1788
-2.0537
-2.0358
-1.598
-2.5432
-2.3897
-1.8616
-0.99377
-0.59805
-2.2516
-1.1788
-0.90621
-1.9854
-3.7138
-2.1295
-1.964
-0.86719
-1.5667
2.3941
-2.576
-1.4247
-0.40316
-1.0401
-1.9845
1.0543
-0.97406
-0.17693
-1.5658
-1.98
-1.8728
-1.8192
-2.2528
-0.99931
-0.12689
-1.2341
0.64909
0.1951
-0.83981
-1.8616
-1.0245
-1.2644
0.55435
-2.0358
-0.60331
-1.1726
-2.2358
2.6016
-1.0135
1.7159
-1.8668
1.2296
-1.0785
-1.6586
-0.95458
0.097818
-2.2874
-2.2879
-1.0602
-1.6586
-0.62184
-0.99931
-2.5519
-1.1423
-1.6553
-2.2745
-1.3625
0.70633
-0.73407
-2.7085
-0.8499
-0.85115
-2.9493
-0.17693
-1.0821
-0.17693
-1.5458
-1.1275
-1.5104
-1.8616
-1.2727
-1.1423
-2.6522
-1.7439
-1.7922
-2.1555
-0.87428
-1.0401
-1.1326
-0.17693
-1.8624
-1.5109
-1.7197
-1.6031
-0.22466
-0.62364
-0.65521
-0.86383
0.17593
2.9141
-1.7594
-1.2707
-1.4472
-1.1168
-1.5391
-0.9984
0.13573
-0.01984
-0.9294
3.1098
0.18944
-1.1726
-0.68967
-0.982
-2.2792
-1.1726
-2.5876
-2.5648
-0.8366
3.1098
-0.36957
-1.3329
-0.40134
3.4699
-1.8101
-2.2879
-3.1363
-0.9984
-1.0605
-0.80871
-2.3652
-2.192
-1.5493
-1.4247
-1.9534
2.9141
-1.2854
-2.2879
-2.9587
0.17514
-1.9843
-1.1726
-0.64863
-1.9854
-0.62979
-1.3329
-1.0551
2.1452
-2.194
3.1098
-2.1955
0.38598
-1.1162
-0.9984
-0.39128
-0.17693
-0.60808
-0.6048
0.02501
-2.2879
-0.91229
3.4699
-0.08224
-1.7774
-0.81352
2.1452
-4.3346
-0.99931
0.33857
-0.6768
-1.0122
-2.2868
-1.3904
-1.4247
-1.0593
-0.9984
-1.6574
-1.4247
-2.941
-1.7774
-1.5305
2.1452
-1.3251
-1.3329
-1.3276
1.8603
-1.0326
2.1452
-2.3016
-0.17693
-3.2792
-1.8615
-1.9816
-1.4247
-1.6285
-1.2341
-0.90949
-0.26741
-2.9935
2.6067
-1.4838
-1.791
-1.1283
2.6016
-1.2035
0.89694
0.3349
2.1452
-1.4572
-2.7576
-2.4387
-0.32
-1.4884
2.3941
-1.6016
-1.1168
-1.5399
1.5613
-1.1258
-1.5867
-1.3291
-1.7304
-1.884
2.2466
-2.0516
-1.98
-0.64258
1.9146
-1.6007
-2.1295
-2.5579
-2.042
-1.9507
-0.9984
-2.924
-1.8192
-1.6895
2.3941
-2.96
1.9065
-1.0302
3.4699
0.84071
1.9146
-1.6437
2.1452
-3.1811
2.6016
-1.6534
0.013676
-3.5978
-0.15687
-0.69579
-0.62632
-2.8599
-1.4247
-0.41374
-2.1961
-1.4079
-1.7774
-0.093229
-2.3164
-0.84119
-0.6194
-2.6627
-0.00062912
-2.5075
-0.82439
-0.32013
-1.1726
-1.5873
-1.791
-2.944
-0.16399
-1.7762
-1.4247
-1.0158
-0.28685
-1.3251
1.9078
-1.3787
-1.7774
-1.8634
-2.3071
-0.90403
1.9146
-1.1697
-1.911
-1.2207
-1.3329
-1.027
-0.80871
-1.8549
3.4699
0.00085714
-0.8078
-1.7677
-2.2868
-1.9197
-1.0401
-2.8307
1.2296
-3.8449
-1.7439
-1.5754
3.1098
-0.37444
-1.4247
-0.80448
-1.7304
-1.3444
-1.2623
-0.14382
-1.4247
-1.6348
-1.2277
-1.9904
-0.17693
-1.6808
-1.1485
-0.44714
1.9146
-2.3722
-1.4429
-3.4901
1.7384
-0.99786
0.20266
-1.9994
-0.9984
-0.23396
-1.4895
-2.2234
2.7235
-1.8692
-2.0358
-1.2722
2.3941
-0.53721
-0.9984
-0.48618
-1.2626
-2.6953
-0.01984
-2.2809
1.075
-0.38584
-0.81262
-1.1169
3.4699
-2.6748
0.20812
-0.4453
-1.9121
-2.3748
-1.7215
-2.2636
-1.1726
-1.2695
-0.82439
-2.9441
-1.4247
-2.033
1.282
-1.929
0.52003
-2.9704
-1.3329
-0.69065
-1.4247
-2.3551
2.1052
-1.7887
-0.9984
-0.89675
-1.3593
-1.5815
1.9589
-2.1153
-0.80871
-2.3412
-0.43571
-1.2274
-2.0962
-1.6025
-1.1726
-3.3332
-0.66323
-1.5556
-0.01984
-3.4713
-2.1991
-2.8214
-0.32214
-1.1402
-1.9389
-0.9128
1.7384
-1.19
-1.015
-0.62679
1.5613
-0.53914
-1.015
-2.3974
-1.3329
-1.2902
-0.92618
-1.1577
-0.17693
-2.4459
0.568
-2.6724
-1.1726
-1.7632
-0.8884
-0.89854
-1.4247
-2.1731
-2.9927
-1.617
-0.982
-0.97846
2.2372
-2.2148
-0.00062912
-2.0778
-1.4895
-0.97403
-2.3516
-1.6561
-1.3329
-0.62068
-2.9927
-1.6126
-2.1295
-2.2845
-1.44
-3.1565
-0.025198
-1.9986
3.4699
-0.85251
-1.8616
-2.7787
-0.01984
-2.1251
-2.5648
-2.2561
