-0.42587
-1.1407
0.30105
-1.1836
3.8843
0.7575
0.57897
-0.13221
0.084274
-0.88525
0.86207
0.21289
3.7666
-1.5733
0.85422
-0.040036
2.1994
-0.68743
2.0778
-0.97382
-1.4032
-2.2028
1.2874
-3.128
-0.36177
-1.3492
0.60732
-1.7678
-0.71327
0.1088
4.0749
-1.0465
-1.1666
-0.60263
2.4517
0.40419
0.85422
-3.0323
-0.0011289
-0.18782
0.078015
1.2407
1.9718
-0.69666
-0.063695
-2.4067
1.3861
-1.9197
-0.30462
0.067202
1.5725
-0.017248
-0.23231
0.30938
2.6678
-1.0187
0.012505
0.28526
3.0211
0.24019
-0.58165
0.63148
1.0695
-0.97404
-0.73611
-0.95116
0.24106
0.032883
0.60526
-0.30058
1.4827
-1.0217
1.8046
1.0743
-0.83528
-1.5952
1.9469
-0.37845
-0.91217
0.32197
0.029422
0.2128
2.9661
-0.37291
1.8046
-0.88911
-0.59605
1.2955
3.8843
1.6261
2.5995
0.60727
-0.02032
1.4429
0.60526
-0.11233
-0.72988
0.26557
0.084274
-0.01337
0.65658
-0.34932
-0.73611
-0.81645
0.029073
-1.0477
-0.39747
0.82579
-0.41534
2.0206
-0.78519
-1.7388
3.4524
-0.73092
2.8584
-1.1124
3.4524
-1.4188
-0.39747
0.74121
0.11045
-0.4657
-0.69169
0.64691
1.9469
0.05864
-1.2688
-1.3046
1.9784
-0.48321
-0.78519
-1.048
2.835
-1.9501
0.078015
-0.29694
0.11045
-1.1974
1.6028
-1.7056
3.8843
-0.082751
1.6879
-0.8489
-0.0016327
-0.16795
1.8259
0.57795
0.85422
-0.35869
-0.71327
-1.7992
1.5571
-1.7404
-1.0259
-0.64746
-1.2122
-0.14824
0.85422
-0.65366
2.4089
-0.51063
0.73964
-1.0058
0.16808
-0.1214
2.6424
-0.98813
-0.22397
0.22396
3.4524
1.2915
3.5131
-0.23133
2.3339
-0.92173
1.5007
-0.25192
-0.69169
0.14669
-0.78465
-1.4712
0.11045
0.71746
0.60732
1.2034
0.41671
-0.55555
0.34054
0.697
-0.64107
-1.4681
0.14994
0.35579
-1.5549
0.11916
-0.034548
0.31655
2.6209
1.3142
2.1742
1.2884
-0.35493
-0.18846
0.86207
-0.40358
1.4606
-1.0917
1.9695
0.43796
2.8183
-1.1588
-0.23231
-0.6143
2.6678
-0.092789
1.4707
-0.5158
-0.028109
-0.67821
0.60526
0.229
0.73964
-1.3435
0.34054
-0.49347
0.94748
-0.3866
0.27532
0.29713
0.39521
-0.27391
0.46573
0.2457
-0.23231
-2.5932
0.65658
-0.14259
-0.39747
0.62739
-0.69169
-0.89815
3.0211
-2.189
1.3356
-0.047167
0.2046
-0.66464
1.6028
-0.70953
0.32033
0.048727
0.85422
-1.9307
0.14994
0.014639
1.7027
0.7218
1.7934
-0.43836
3.4524
-0.18018
0.77802
0.95375
-0.23231
-0.3877
-0.22397
-0.069007
-0.25794
0.24204
0.60526
0.017422
2.8584
1.035
-0.0089779
-1.2887
1.0193
0.77717
2.5892
-1.4375
1.0448
0.28882
0.11045
0.839
0.98501
-0.40969
0.60526
-1.9163
1.7463
-0.86027
-0.39758
0.08928
0.1837
0.88047
3.8843
-1.6421
-0.92979
-1.346
1.8046
0.28882
1.9715
0.1547
-0.61927
-1.0432
0.57947
-2.3992
-1.0955
0.236
0.14994
-0.85352
0.41671
-1.0185
3.8843
0.54213
1.9469
-1.8506
-1.2688
-0.32765
-1.2688
0.69254
-0.69169
-1.0162
3.576
-2.332
-1.5549
-0.73385
3.5131
-0.5253
0.57897
-1.0353
2.6917
1.3346
0.25458
0.30573
1.9469
0.39134
1.6547
-0.57987
3.576
-0.79297
1.7632
-2.4447
0.7216
-0.1922
-0.56924
-0.71303
3.8843
-1.8997
0.11045
-0.49087
0.078015
0.09431
-0.33636
0.3476
3.1003
-0.61856
3.0211
0.5893
1.1835
-0.33658
0.50143
0.3636
-0.44649
-0.36691
-1.162
-0.17941
2.5892
-0.39243
-1.5549
-1.2973
0.41671
-0.082495
0.79951
-1.2411
-0.71027
-0.53107
0.015136
0.66774
0.14994
-0.57438
0.79587
0.40134
1.6028
-2.6037
0.64248
-1.4008
3.576
0.11954
0.39521
-0.046204
2.3307
0.24238
1.9114
-2.6048
1.6028
-1.4251
0.078015
0.56535
-2.132
-0.083456
1.4393
0.75178
0.60732
1.1603
-0.23231
0.85343
0.27347
0.86777
-0.39669
-0.34836
-0.40501
-0.49944
0.46573
-0.79052
3.576
-0.86996
0.18051
-0.88153
0.57611
-0.3239
0.46573
-1.2842
1.1165
0.78092
1.8735
-1.1994
0.44083
-0.53498
-0.78519
-0.90258
0.11045
1.566
1.8872
-0.049816
1.8285
-0.37356
0.090948
0.068194
-0.36774
-0.86759
2.1375
0.40245
2.0778
-1.1768
-1.0736
-0.16416
0.057249
-0.75607
2.574
-0.90882
-0.0089779
0.41528
2.8584
-0.76127
1.7934
0.50942
-0.42415
-1.3658
-0.49086
0.069204
-0.77927
0.27682
1.4926
-0.058868
2.3579
0.64691
2.9348
-2.4839
0.77822
0.21831
-0.69911
-1.8485
2.5882
-0.48416
3.4524
-0.16051
0.46598
-0.06055
1.8933
-0.58775
0.73964
1.1413
1.2949
0.92759
-0.23231
1.566
-0.22397
0.0752
1.6028
-0.27118
1.5007
-0.21314
2.6678
-0.71086
1.8524
0.050028
2.7796
-2.2678
0.60732
0.62888
-0.23231
-0.4384
-0.22397
-0.11341
-1.5549
0.12064
-0.022529
0.40134
0.2046
-0.21209
1.9469
-2.1174
-0.28373
-0.64697
1.1381
-3.007
3.576
0.47003
1.6028
0.094189
-1.5549
-0.61266
3.576
-0.97114
0.30105
-0.49913
0.85422
-1.2737
0.58013
-0.41838
1.8046
-1.2219
2.5882
-0.30637
1.6649
0.62371
-1.0872
-0.90383
0.95386
-1.1829
-0.75276
-0.65392
1.8046
0.42794
2.7128
1.0045
0.41671
-1.7927
2.9661
-0.67764
1.1786
-0.08286
3.643
0.62371
2.4517
-1.2727
0.86099
-0.056964
-0.36774
0.12542
3.8843
-0.086744
-0.21549
-1.5085
3.8843
-2.1097
1.9588
-0.96897
0.85422
-0.165
0.71903
0.1246
1.3717
0.013042
-0.23231
0.15427
1.6294
-1.2585
2.2004
-0.72902
0.70727
0.049468
2.0601
0.47694
-0.39722
-0.069505
2.4517
1.643
1.6299
0.033953
-1.9914
-2.9395
2.4517
-1.8183
0.50608
0.24057
0.39925
-1.0421
1.6028
-0.43526
2.0601
-0.034937
0.80165
0.90678
