2.4471
-1.6867
0.20378
-0.20501
2.7765
-0.81191
-1.4614
-0.92223
1.5839
-2.1368
-1.0045
-0.7676
0.52984
-1.774
-0.99426
-1.287
0.061493
-1.6917
0.013174
0.27631
0.013174
-1.3672
-0.4933
-0.83963
-1.1526
-1.2706
-0.26037
-1.0128
-1.1526
-0.39715
0.72263
-1.1506
0.013174
-1.6359
2.4471
-0.85173
2.7765
-2.3084
1.2937
-0.60738
-1.0045
-0.63793
-0.85003
0.059668
-1.3142
-1.0196
-0.33118
-1.3046
-0.28938
-1.7565
-0.28938
-0.4461
0.085965
0.33445
2.1569
-0.12779
-0.99231
-0.22625
-0.52396
-0.57361
-0.99426
-0.86785
-1.8467
0.27526
2.6377
0.40721
1.5839
0.087248
0.33924
-1.4723
-0.4933
-2.1894
1.2937
0.15412
2.6377
-2.2106
2.7765
-0.092851
-0.77568
-0.92537
-2.3246
-1.7974
0.5878
-2.1008
-2.3246
-0.18424
1.0741
-0.013743
0.53202
0.061188
2.6377
-0.73423
-0.47312
-1.5417
-0.12911
-2.2587
-0.85003
-0.90574
-0.99231
0.023571
0.20378
-0.72925
-0.098773
-1.2006
-1.0045
-1.4326
-0.48292
0.21418
2.4471
0.19317
-0.33118
-1.7149
1.0741
-0.37793
-0.26037
-0.24566
0.38029
-1.915
-0.33118
0.30807
2.7765
-0.57058
0.38029
-1.2144
-0.4933
-1.0393
2.4471
0.57627
-0.45097
-2.3433
-0.85003
-0.96698
2.4471
-2.5728
-1.8467
-0.96313
0.38029
-0.39069
0.013174
-1.4875
2.4471
-1.1298
-2.333
-0.1944
-1.3565
-0.65153
1.5839
-1.2698
