0.61615
-1.4155
0.0010593
-2.0315
2.6279
-2.0074
0.61615
-1.432
-0.24705
-0.64219
-0.64021
-0.58975
3.6185
-1.3727
-0.83025
-2.7359
0.0010593
-1.408
-0.18955
-0.41077
2.7514
-2.7945
0.80912
-3.1512
0.3716
-1.183
-0.62788
-0.13657
0.65184
-1.6981
-0.44961
-1.5326
-0.64021
-0.36278
-0.81849
-0.43073
2.7514
-0.54712
2.5647
-0.55776
0.61615
-0.43963
0.3716
-1.0859
2.5647
-2.4222
-0.054081
0.081379
0.80912
-0.37463
-0.14612
-1.5214
-2.0982
-2.1718
3.4279
-2.5939
1.0231
0.75163
1.0231
0.051552
1.8863
-2.0353
3.4279
-2.4783
2.8185
-1.3149
-1.2878
-1.5998
2.0071
-0.22379
-0.18955
-1.5528
1.8882
-1.7839
2.8185
-0.57704
3.4279
0.17063
2.9416
-1.1736
1.0231
0.39386
-1.1265
0.22525
-0.054081
-1.1948
1.1467
-3.185
-0.81849
-0.83633
-1.2376
-1.5796
1.4
-2.4385
3.4279
-0.15861
1.8728
0.28616
0.65184
-0.88749
2.1977
0.15552
-1.2376
-1.0614
2.736
-2.1324
1.0231
-1.5589
0.44817
-1.3961
0.3716
-1.4382
2.6279
-0.49348
2.8185
-0.6252
1.8863
-2.7012
2.5647
0.69777
2.6279
-0.50199
3.4279
-1.8933
3.4279
-2.4835
2.6279
-0.60267
1.8863
-1.5883
2.5647
-0.95935
-0.18955
-0.5072
2.7514
-1.94
2.0817
-0.26963
-2.0982
-0.76879
0.61615
-0.64028
0.12985
-3.1079
2.5647
-0.32786
2.5647
-2.6062
0.44817
-1.4314
1.8882
-1.0394
-0.64021
-0.91992
-1.6298
1.3884
1.0485
-3.4175
1.8863
0.062485
-0.14612
-0.46023
-1.2878
-2.4152
2.942
-0.87089
3.6185
-0.40276
1.2348
-2.1743
0.61615
-1.161
1.515
-0.6468
0.61615
-2.3301
3.4279
-1.4224
-0.14612
-2.708
-1.5034
-2.3646
-1.4282
-0.059321
2.942
0.015546
2.6279
-1.9053
-0.44961
-2.6043
0.65184
-1.5466
-0.67474
-1.494
0.3716
-0.79432
-0.24705
0.75395
2.942
-0.24993
3.4279
0.89036
2.0769
-1.7501
-0.67474
-1.584
2.2651
0.71182
2.7514
0.47
2.736
-1.3811
1.8863
-1.7855
2.0071
0.30998
-0.14612
-2.6195
-2.5845
-0.91123
2.7514
-1.8366
-2.493
-1.0252
-1.9076
-2.2765
1.8863
-1.8696
2.736
-1.0271
-1.9076
-2.7446
2.0071
-1.4617
-0.64021
-3.6448
-0.62788
-1.0252
-1.5034
-1.6507
2.0071
-1.4607
-2.2914
-1.48
-1.0527
-0.51332
2.7514
-1.1096
-0.83025
-0.94199
2.5647
-0.11918
2.6279
-1.1865
0.61615
-0.30321
3.4279
-2.2711
2.0769
-0.94744
2.6279
-2.8312
-0.14612
0.44913
1.8863
-1.8649
2.6279
0.99358
1.7647
-0.77958
3.4279
0.63804
-0.11437
-0.56972
1.8882
-0.40532
0.80676
-1.5943
-1.1682
-0.6523
2.0769
-3.0092
2.6279
-1.8312
2.9266
-2.5404
3.4279
-0.59568
-2.2914
-0.75271
0.61615
-2.4887
2.7514
-0.12621
1.8863
-2.4004
0.65184
-1.3672
0.3716
-1.2499
-1.0527
-0.56637
1.7647
0.37355
3.4279
-3.7226
-1.0093
0.11503
2.6279
0.090901
3.4279
0.54984
-0.64021
-1.534
-0.18955
-0.58069
-2.0982
-0.77358
0.44817
-1.4844
-1.6298
-1.1762
-0.83025
-1.7543
1.8728
-0.32889
1.2348
-1.1838
-1.4282
-3.1448
-0.14612
-1.6654
1.515
-1.0859
2.6279
-1.0436
1.8863
-0.9127
-0.30498
-0.30293
2.8185
-1.94
3.4279
-0.81986
1.2348
-2.5036
2.6279
-1.203
2.7514
-3.3001
2.6279
-1.7729
2.1416
-2.3163
3.4279
-2.2124
-1.2878
-1.5687
0.61615
-0.48916
3.4279
-0.28281
-1.5379
-0.68405
2.7514
-0.26656
1.8882
-0.67533
1.8882
-2.5752
2.7514
-2.1252
3.4279
-0.55929
2.9416
-1.2093
-0.79128
-1.7313
-0.42457
-0.84986
1.4254
-1.8858
2.7514
-1.1996
3.4279
-1.2573
2.7514
-1.4111
2.0769
-1.5999
0.80912
-0.34963
0.80912
-1.7009
-0.64021
0.46811
0.80912
-1.1831
-0.24705
1.1732
2.0071
-0.80491
-0.44961
-0.65307
