3.3246
-2.2517
0.26473
-0.067811
2.9327
-2.1801
1.4595
-2.4347
-0.060927
-0.21847
-1.0655
-0.67464
1.2365
-1.1241
3.6467
0.68821
-0.7213
-1.6012
0.012649
0.66073
1.5417
-0.46778
0.40519
-1.5285
-0.42092
-1.1591
2.9857
-1.2143
0.59635
-3.437
0.43258
0.17581
3.1179
-2.4185
2.6904
0.0062941
1.0459
-0.0724
-0.62123
-1.0826
-1.9872
-0.70605
1.3221
0.53867
2.214
-0.92545
-0.43443
-2.4412
1.5417
0.37107
0.92769
-0.30956
1.633
0.25266
0.70317
-0.3179
-0.19262
1.6062
0.67851
-1.2715
-0.60222
0.73297
0.0019422
-1.1406
-0.41161
0.52193
2.2547
-0.26035
0.24198
-0.073189
1.2296
-1.3541
0.59635
0.34997
0.11715
-1.9501
-0.12652
-0.2493
2.5909
0.67682
-1.0781
-0.15076
3.0678
-1.0206
-0.18192
0.37171
0.65708
-0.99485
-0.91191
-0.050402
0.43258
0.95954
2.5909
-3.6248
3.3246
-0.87189
-0.51258
-0.21008
-0.76203
-0.854
0.50513
-1.3064
0.89378
-1.0925
-1.2936
-1.1119
-0.060927
-1.2089
3.1179
-2.7081
-0.11063
-1.0224
-1.2698
1.1647
1.4202
-0.70815
3.5541
-1.4354
-1.0781
0.33837
0.92769
-1.3463
-0.12652
-1.4261
1.5417
0.99313
2.57
0.77286
-0.75816
-2.3
-1.294
0.78312
3.6467
-0.056175
3.1179
0.62091
-0.18287
-1.0096
0.46773
0.29293
3.6467
0.60491
-0.018566
-1.5099
1.3748
-0.10587
-0.12954
-0.44516
1.2296
-1.0595
1.3221
-2.1095
0.35062
-0.8911
2.5192
-2.183
0.48428
0.71982
-1.7064
-0.73015
-0.04058
-0.29605
-1.1585
-0.9229
2.2637
0.047831
0.29178
0.79736
1.2009
-0.39172
2.599
0.4363
0.46773
-1.5164
2.0731
-0.040011
-1.2442
-1.7618
3.6467
0.019813
-1.5945
-0.36302
-0.30325
-0.56901
-0.54073
-0.93587
1.4267
0.19899
1.8236
1.0656
2.214
-0.51293
-0.8834
-0.84436
-0.12954
-0.97749
1.0937
0.97711
1.2387
-1.5646
-0.91191
-0.71995
-0.54073
-2.0853
3.3246
-3.189
1.3844
0.53412
0.80228
-0.21389
0.44228
-1.0692
0.44228
0.23864
0.074121
-0.10626
0.47191
1.1567
-2.0487
-0.33408
0.70317
-1.0369
2.2547
-0.65349
0.43258
-0.70286
-0.91191
-1.3373
0.24198
0.0094159
2.9857
-1.4629
-0.12652
0.73196
-1.5598
-1.6288
0.86119
0.15125
-1.0781
-1.1987
0.10118
-1.0107
-2.0425
-0.97011
0.36637
0.69786
-0.073452
-2.3758
3.0772
0.60233
1.7358
-0.68092
0.35062
-0.67523
-0.30325
-1.5758
-0.73134
-0.9791
1.7323
-0.20314
-1.5407
-0.039845
1.361
-0.48566
3.6467
-0.39257
1.0481
1.5554
-1.1665
0.15076
-1.0368
-0.90981
2.1491
-1.5636
0.59635
1.0505
-0.11265
-0.54217
0.56346
-0.93001
0.064088
-1.2947
0.44228
0.022694
1.2387
0.28019
0.46773
-0.43379
-1.0781
-3.1457
1.9702
1.2528
-0.073452
-1.4948
3.0356
-0.17217
-1.4654
-0.12965
2.7835
-0.19768
-0.12954
-1.2535
-0.45859
-1.2521
-1.6207
-1.8994
-0.47032
-0.77088
3.1179
-0.4259
-0.57373
-2.5808
-0.73134
-0.67769
0.074121
-1.8958
-0.91191
1.098
0.67058
0.089499
3.6467
-0.68867
3.6467
-1.476
0.7698
-0.80617
-0.12652
0.018765
1.8707
-2.6287
2.0731
-0.54467
0.12367
-1.7842
-0.21489
-0.55119
-0.60222
1.4022
-0.21489
0.36361
-0.41161
-0.010633
-0.78147
-0.26853
0.92769
-2.049
-0.12652
-0.67502
-1.9028
-1.3108
1.1524
-0.6521
-1.3982
1.2143
-0.29528
-1.0254
-1.1585
-0.50738
2.0731
-0.2047
1.2296
0.33479
1.656
0.72456
1.361
0.25106
0.59635
0.076383
2.7835
-0.50716
0.90687
-1.1153
0.68128
-0.77576
-1.7561
-1.4086
2.0837
0.49926
-0.12652
-1.5763
1.5516
0.56349
0.70317
-0.87791
-0.29528
-1.4172
-0.60222
-0.21988
2.7098
1.1851
0.67058
-1.7025
-0.73134
-0.68092
1.5417
0.013285
0.053688
-1.2708
1.3748
-0.49759
2.0731
-1.7634
1.4202
-0.053707
1.2296
-0.1754
-0.21489
-0.72926
2.7606
-2.194
0.59635
-1.8009
1.8707
0.49751
0.24198
0.32637
-2.8008
-0.76398
2.613
-2.3662
-0.91191
-0.6385
0.31598
-0.22858
1.4595
-0.87959
-0.90378
-0.52098
0.7698
0.40442
0.73366
-1.338
2.2637
-0.020692
0.59635
-1.2672
1.7068
0.10853
0.18698
-1.781
-0.41161
-0.75646
1.5417
-0.81193
1.5868
-4.1196
0.67058
-0.50421
0.63289
-0.64546
-1.5945
1.7027
0.92427
-1.0099
2.1455
-2.1299
2.2637
-0.95175
0.10118
-0.25929
0.65834
0.30434
1.633
0.56222
-1.58
0.17286
-0.3217
-0.73191
-0.21489
0.89641
3.1179
1.092
3.1179
0.20571
0.24198
-0.92757
0.074121
0.69691
1.8236
0.11911
-0.98972
-0.3825
2.2637
-1.3719
-0.073452
-1.0683
1.5417
-0.72254
-0.21489
-0.15744
-0.91191
0.18514
-0.12652
-2.351
1.2099
0.63473
0.43258
-0.35671
0.63289
-0.057535
1.361
0.18095
0.80228
-3.3871
-1.7751
0.76277
-0.91191
0.73697
0.44228
0.39015
0.42877
-0.34292
-0.77257
-0.76649
-0.93809
-0.49318
0.69462
0.99828
-1.6081
-0.85058
2.2547
-0.82381
3.1179
-1.6909
0.65834
1.1533
1.2296
-1.2641
-1.3457
0.12383
0.59635
-1.3921
-0.73134
-1.0628
-0.60222
0.26547
-0.42092
0.61549
-1.9872
0.35378
-1.3205
0.59057
-0.01889
-1.2607
-0.62123
-0.96247
3.5359
-2.0399
0.5596
-0.26807
0.24737
-2.596
0.89378
0.0031094
-0.8834
-0.40263
3.0356
0.024948
-0.34547
-1.8116
1.5417
-1.6228
3.6467
-1.2097
0.44228
-0.40298
0.44228
-1.3738
-0.91191
-1.8482
-0.55975
-0.65524
1.5417
-2.6262
2.5192
-1.0219
-0.91191
-1.7079
1.7358
-0.81924
3.1179
0.85846
1.8707
-1.9103
-1.3205
-0.47312
1.633
0.75513
0.86119
-0.88978
0.7698
-0.27192
-0.73134
-1.4465
2.5192
-0.060896
0.67058
-3.5458
-0.73134
-1.2572
1.2296
-0.91952
-1.0781
-2.0626
0.40461
0.27996
-1.4654
-0.94671
0.94318
0.12166
-0.60222
-1.0142
2.6909
0.54499
-1.5598
1.5578
1.7323
-0.56293
-0.43082
0.74246
1.5516
-0.43482
-0.81615
-2.0411
1.8707
-2.0665
2.7951
0.84958
3.0356
0.91167
-0.12652
1.1336
3.2262
-1.6347
0.80228
-0.75978
2.7098
-0.99697
2.4614
-0.077377
0.44228
-0.183
-1.5945
-1.795
1.2365
-0.80215
-0.21489
-1.4192
-0.19262
-3.3901
1.8236
-0.2758
-1.4654
-0.90069
2.7606
-1.5543
1.4124
-0.99199
-1.2491
0.067063
-0.54073
-0.31464
2.2637
-0.76398
3.1179
0.082179
2.7098
-1.0918
0.59635
1.9459
2.9857
-1.7067
-0.60222
-1.3379
2.5192
-1.8479
-0.21489
-1.5918
1.8707
-2.6145
1.3974
0.9201
2.7951
0.12837
0.67058
-1.0622
-0.34987
-1.7332
1.8707
-1.7451
-1.6081
0.013636
2.7835
-1.3798
3.1179
-1.2887
0.99288
0.69786
1.3748
-2.3336
-0.21489
-0.44766
1.4595
-2.8542
-0.54073
-0.98122
-1.294
-1.2675
-1.3982
-0.79179
1.633
-1.2959
-0.10467
-0.84425
0.73402
-1.8816
1.2296
-2.207
-1.0885
0.25437
1.2296
-1.8004
1.7323
-1.876
-0.98074
0.045077
1.0459
-0.95989
3.3246
-1.0876
-0.60222
0.77503
1.0481
-1.8125
-0.45731
-1.4907
-0.75816
-0.98882
0.42877
-0.45032
-0.60222
-0.23448
2.2637
-2.3953
3.0596
0.60793
1.8707
-0.57669
-0.060927
0.72199
0.18653
0.38755
0.40409
-0.70507
-0.29528
-0.8552
-1.2698
-0.14408
-1.4247
-1.3654
-1.4114
-0.99624
1.4267
-1.0467
2.7098
-0.65117
0.44228
-0.10744
-2.4713
-1.2297
0.46773
-0.4399
-0.60222
-1.1192
1.0481
0.66363
-1.2936
0.7727
1.2099
-0.58322
0.92769
-1.2452
0.2376
0.73981
-1.7751
-1.2313
-0.60222
-1.0576
3.6467
-0.31422
0.70317
0.38963
-0.60222
-0.83658
-0.12954
-1.561
-0.43443
-1.7058
2.9327
-1.6532
1.633
-0.74389
-1.9872
-1.5188
0.1827
0.5373
-0.61281
-2.2673
0.43258
-3.1619
1.361
0.077011
-0.80141
-3.1466
0.46773
0.96221
1.361
-0.8282
1.7358
0.58113
1.656
0.19995
-2.0425
-1.3062
0.66007
-1.9389
-1.9872
-0.13112
-1.5598
0.24512
3.0772
-0.0179
1.633
-0.43538
-0.60222
-1.2156
2.4614
-0.13645
0.67851
-1.529
-0.78908
-3.4777
-0.84617
-1.3843
-0.29528
1.7409
-1.6081
1.1948
2.4567
-1.4855
0.21688
0.32209
-0.20146
-0.036504
-2.1705
-0.61399
1.8707
0.27873
-1.5088
0.28489
1.2296
0.36295
1.8707
0.75241
0.59635
-1.3861
0.74328
-1.8277
-0.15366
0.5528
-1.0536
-2.1021
-1.004
-0.59002
2.5192
-0.059664
0.49781
0.36457
-0.73541
-1.0375
1.5417
0.19958
0.73366
0.87087
-1.2176
0.057724
1.361
-0.30257
2.5192
-0.33645
1.2365
-0.37316
1.8707
-0.24682
1.6863
-1.5607
1.3824
0.52878
2.2547
-1.1116
-1.4175
-0.25299
-0.91191
-1.1049
0.73366
-0.83706
-1.0595
-0.35379
-0.31511
-0.17039
-0.60222
-0.59548
-0.60222
-2.0362
-0.073452
-0.11964
1.5417
-0.31231
-0.43443
-1.1314
0.40461
0.23793
1.2027
-0.36288
3.1233
0.39597
0.79387
-1.0564
-1.3205
-0.47282
1.7323
-0.69482
-0.39547
-0.46301
1.691
-1.9745
-1.7751
-0.63628
0.074121
1.0444
3.6467
-1.522
0.15002
-1.0974
1.5417
-0.5008
-2.8504
-3.5443
-1.7751
-2.4238
-0.60179
-1.976
1.1008
-0.61783
-1.3812
-0.47956
3.0356
-0.87916
0.28725
0.4525
1.0481
0.21216
1.5417
-1.0421
-0.073452
0.40539
-2.4713
-0.71027
-1.934
0.27348
0.44228
-0.40946
-1.3329
-0.81293
-1.7561
-2.2556
-1.5037
-2.046
0.43258
-0.42247
1.633
-0.61484
-0.90378
0.94875
-0.04058
0.15358
0.49781
0.17574
3.1179
0.27715
0.92769
-0.33961
-0.059986
0.67459
0.31598
-0.28738
-1.1783
0.85145
1.1265
-0.23449
-0.76203
-0.23584
-1.1585
0.78902
-0.91191
-1.987
1.5516
-1.0305
-0.29528
0.36396
0.63329
-1.2244
0.67058
-0.67197
-2.2274
0.51601
0.58722
0.69364
2.9327
0.20547
-1.2698
0.35734
-0.62123
-1.4651
0.94318
-2.4543
-0.21489
-0.18504
1.0075
-0.58327
-1.5945
0.58746
-1.3457
-0.47032
0.11715
-2.0534
-0.3492
0.035982
0.46773
1.9714
0.31588
0.36434
0.064088
-0.74123
0.65834
-0.63751
2.0731
-1.1055
0.80228
-0.16996
0.40461
-1.967
0.24198
-0.73229
-0.21489
0.11545
-0.1245
-1.3611
0.67058
-0.57455
-0.98972
0.94311
0.46773
-0.23008
-0.7701
1.0506
2.0731
-0.64951
-2.423
-2.6856
-0.73134
-0.70107
1.7323
-0.15451
0.70317
0.58024
-0.60222
-0.76025
0.11715
-0.85133
-0.39547
-0.61783
-0.65608
-1.0211
3.1179
-0.51113
0.46773
1.3032
3.0861
-0.13087
-0.98746
-1.7041
-1.9613
-0.0096269
-0.024288
-1.5536
-1.4296
-2.6999
-1.9699
-0.17808
0.94158
-1.8245
-0.76203
1.1588
-0.91191
0.91748
-0.29065
-0.805
-0.73134
-3.0957
0.24198
-1.1055
-0.96078
-1.3485
3.6467
-0.52847
3.0772
-2.2488
1.0481
-0.43322
0.73366
-0.16629
2.7951
-0.93478
0.10118
-2.207
3.6467
1.3285
0.064487
-0.52901
-0.21489
-0.97095
0.0092386
0.26424
3.3246
0.15218
0.44228
-1.4559
0.63289
0.18782
2.7835
-0.48144
1.656
-0.098433
-1.1689
-0.41187
-0.073452
1.1284
-0.10467
0.17581
-0.30325
-0.39079
-1.6081
-0.63596
-0.59143
0.62066
1.2296
-0.46736
0.045907
-1.8016
3.3246
-0.50627
3.5152
-0.23613
0.7698
-1.6958
0.1827
-0.98792
0.24765
0.064472
-1.9699
-0.62507
0.92769
-1.8036
-1.1665
-2.7383
2.7951
-3.0739
2.9899
-1.6422
-0.50363
0.68832
1.2365
-0.31517
0.68233
-0.19932
-0.91191
0.69123
-1.6081
1.6076
0.8386
0.010083
-1.4175
-0.98152
-0.024603
0.27773
1.0459
-0.84665
2.0731
-3.5842
-1.4654
-0.59343
3.3246
-1.7698
-1.5945
-0.71798
2.238
0.31782
1.4595
-0.53279
0.43258
0.045161
0.10118
-1.5508
-0.12652
-0.21093
-1.9872
0.86819
-0.96715
-0.21272
2.599
-0.28971
2.5909
-0.87351
2.4567
-0.61453
-0.12954
0.1676
1.5224
-0.06084
-2.0944
0.21186
-0.12652
-0.22665
2.7098
-1.5722
0.67058
-0.34535
0.29178
-1.9244
1.8707
-0.81439
2.7835
-1.7041
-2.4735
0.15774
1.2296
-0.066134
0.80228
-1.2169
-1.3033
-0.010997
1.0075
-0.86534
1.8707
0.96683
-0.21489
-0.46803
-2.423
-1.3667
-1.2698
-1.1182
-0.71296
-0.26408
1.0459
-1.5185
-1.0848
-0.26221
-0.93665
-1.3436
-0.26671
-1.3235
-0.073452
-1.1335
0.49781
-2.2793
-0.95468
-2.432
0.18493
-1.0111
3.6467
-0.89371
0.44228
-0.33769
-0.1245
-0.38477
-1.1793
-0.95008
-1.0885
-1.1168
0.74139
-0.99855
-0.26132
0.75839
0.26473
0.86973
-0.30325
0.19642
1.03
-0.40256
0.53038
-1.1571
0.59521
-0.21817
1.5417
-1.3121
-0.42092
0.30968
1.4467
-0.012599
-1.9872
0.090142
0.73366
-1.2449
2.7897
-1.0535
0.70317
-1.3659
1.2099
-2.9144
0.24247
-1.0434
0.29178
-2.7215
0.11715
-1.8357
2.0613
-0.242
-1.0602
-0.60866
-0.38512
-1.0954
-0.073452
0.1059
-0.98972
-1.9836
-0.62123
-1.2984
1.7323
-1.9258
-0.45859
-1.1455
0.70317
0.6467
-0.91191
-0.54377
-0.45731
-0.12307
0.70317
-0.54625
-1.4175
0.16077
