1.0827
-0.71219
3.1146
-1.394
1.7931
0.60273
1.9628
-0.57477
1.0666
-1.1677
0.14823
-1.6851
2.206
-1.3856
2.924
-0.31628
2.1723
-2.2572
1.0379
-0.74024
2.924
-0.74595
0.14823
-0.15398
1.1814
-0.35241
2.1534
-1.9759
0.98651
-0.40455
3.1146
-0.33707
1.4136
-1.2489
-0.40741
-0.037978
1.094
-1.2607
1.3338
0.39551
-1.2924
-1.3783
0.58247
0.64496
0.5504
-0.32727
-0.92967
-2.9926
1.4186
-0.16195
0.96606
0.15101
1.0323
-1.0811
2.0153
-0.12453
2.0608
0.15101
1.0996
-0.06712
2.924
-1.9692
2.591
-0.85126
-0.53066
-0.31286
1.0996
0.15101
2.924
-1.5689
1.9628
-3.0297
-0.067724
-1.0095
2.2353
-3.0297
0.21429
-0.45715
2.283
0.75149
1.1814
-1.1584
0.96719
-0.70306
-1.6196
-0.93653
1.9628
-0.31286
2.0446
-1.444
3.1146
-0.89773
