-0.6778
-2.2253
-0.24657
-0.90467
-0.64451
-2.2737
-1.3431
-1.7703
0.16143
-3.0035
0.42976
-1.5921
-1.8295
-1.9615
-0.88225
-2.1118
2.6053
-1.9413
3.1248
-0.068154
3.156
-1.3337
1.1464
-0.70835
2.2928
-1.2713
0.40263
-1.0574
-1.507
-1.1627
0.81412
0.33888
-2.0201
-1.7772
2.2983
-1.8667
-0.80906
-0.80269
1.5536
-0.48864
1.0939
-1.1203
-2.0182
-1.4833
-1.4755
-2.4805
1.5536
-1.5901
-0.50114
0.27798
-0.016997
-2.1938
3.1625
-0.91832
1.4699
-0.35203
0.17642
-0.65448
2.4712
-1.5559
0.52309
-1.006
-0.7493
-2.0321
-0.50227
-0.92363
1.3289
-0.71611
1.7851
0.0062209
-1.416
-2.2187
-0.51648
-1.4599
3.3531
-2.3225
3.1248
-0.11235
-0.92347
-0.72562
2.2993
-1.0807
-0.22336
-2.2667
1.5536
-1.9047
-0.41974
-1.7963
2.6655
-1.0955
1.2942
-1.6356
-2.5064
-2.251
1.1728
-0.83435
-1.0898
-2.2494
1.5536
-2.3331
-0.053641
-1.3523
-1.8295
-1.8128
-0.85964
-1.2381
-0.23986
-1.1813
0.85347
-1.7152
-1.0749
-0.25374
1.6524
-1.2074
1.8083
-0.87589
0.52309
-0.36035
-0.48573
-0.93292
1.6356
-0.7888
2.3188
-1.8806
2.8242
-0.58152
1.2187
0.98106
-0.22657
-2.1772
0.054508
-1.2115
1.3117
-3.1176
2.0441
-1.2423
3.0845
-1.0333
1.8423
-0.32669
-2.0201
-0.93584
0.14449
-0.11216
-1.9246
-1.0438
-1.3004
-0.43277
2.4168
-1.0365
-0.23986
-1.4641
2.9431
0.50808
0.52309
-1.7492
2.9385
-2.2737
-0.19463
-0.52993
1.7851
-0.82284
-1.3719
-2.3255
1.0441
-1.2074
-0.0031619
0.41819
-1.1095
-0.93801
0.64865
-0.35512
0.62334
-0.99125
-0.45568
-2.1267
-0.47226
-1.5053
-0.28848
-1.6529
-1.456
-1.0141
2.2581
0.96389
2.5572
-0.54425
-1.0614
-0.25817
0.7137
0.44161
-1.5561
-0.58461
3.7763
-1.8401
1.5991
-0.28271
1.5536
-1.0733
3.3531
-0.76167
-1.0883
-0.43277
-0.39982
-1.2218
1.7299
-1.2688
1.9544
-0.23283
1.2187
-1.1416
-1.247
-0.13551
-1.3432
-0.52653
-0.91015
-1.1853
-0.35597
0.099665
-1.7333
-2.3024
-1.247
0.22393
1.8532
-1.3782
2.8394
-1.6362
-0.85964
-1.695
-0.26642
0.12041
2.6074
-1.4768
3.3344
-0.38666
-0.43717
-2.251
1.4093
-1.7318
-0.63712
-0.085747
3.1625
-1.6312
-1.4402
-2.4578
0.51953
0.21205
-1.1803
-1.4084
-1.81
-1.4911
1.8532
-1.1433
1.6356
-2.1028
1.1036
0.11815
3.1248
-0.52993
0.58037
0.61078
2.3088
-1.2656
3.1248
-1.2036
3.1248
-1.8769
0.011031
-0.8182
0.92192
0.43708
-0.12046
-0.0091432
1.0384
0.28192
0.77239
-1.3389
0.81394
-0.076353
1.5536
-1.2547
-1.8295
-2.0156
-0.033176
-0.36558
3.3154
-0.94986
-1.184
-3.4898
-0.47344
-1.5864
-2.0201
-0.6547
2.4407
-0.4926
-0.6123
-2.1764
-1.0814
-3.0822
-2.1926
-0.65825
-2.1102
-0.024201
0.35546
-0.083815
3.5628
-0.47843
-1.0898
-0.52182
-1.247
-0.51374
-0.24425
-0.72322
3.156
0.43728
-2.0082
-0.41483
-0.45813
-1.9146
-0.66004
-1.3561
-1.1446
-1.6189
-0.43717
-1.4364
-1.9246
-1.1119
3.1625
-1.8105
0.38976
-2.2873
-1.2772
-0.028588
1.6183
-1.1707
-1.1591
-0.78104
2.4168
0.13224
3.1625
-1.445
-1.223
-0.29148
-2.0201
-1.7642
1.9763
-3.3732
2.2581
-2.8413
-0.43717
-2.0154
-1.0614
-0.10931
0.93826
-0.45295
3.1248
-1.2506
2.4712
-0.12646
0.52309
-0.37752
-0.88225
-0.72991
1.0951
-0.56875
3.1625
0.26003
-1.6918
-0.46144
-1.3004
-2.1636
1.6709
-0.30919
-1.5961
-0.35262
-1.6937
-1.8452
-1.2794
-0.56421
-1.2772
-2.8647
1.9757
-2.1593
3.1625
-2.2202
-2.0201
-2.0787
2.0437
-1.3857
-1.223
-3.0796
1.9763
-1.7306
0.64865
-1.5674
1.0949
0.40657
3.1625
-0.65251
1.1695
-0.95231
0.54857
-2.0846
-1.163
-0.76403
-0.68718
-1.8474
1.1214
-0.083815
-0.41085
-1.4342
1.7753
-1.5773
2.4168
-0.81018
-1.4061
-2.23
1.5536
-0.86847
0.63127
-1.2293
-2.0201
-2.4645
1.49
-0.19799
-1.3311
0.69759
-2.0088
-2.5039
0.062294
-2.8323
0.62334
-1.2842
-0.035961
-0.76368
-2.1884
-0.71408
-2.8833
-0.29132
-0.20323
-0.41342
1.4093
-1.5095
0.97027
-0.12923
1.7718
-0.979
-2.0201
-0.7576
-0.78037
-0.59522
-1.638
-1.4701
-0.73757
-0.42648
3.5097
-1.0864
-0.45323
-2.4459
1.1036
-0.099765
-0.48719
-0.18991
3.1074
-0.73684
1.5697
-2.404
-2.765
-2.7844
-0.025671
0.55869
1.1643
-2.0381
-0.91015
-1.0807
0.91771
-1.7194
-1.5587
-1.9534
-0.035961
-1.3642
-2.8833
-0.97003
2.6074
-2.8312
-1.1446
-1.2451
0.26294
-2.407
0.52309
-1.7262
3.1625
-0.12342
0.62334
-2.4492
2.2616
-0.59883
0.1498
-0.78828
-0.87565
-1.8271
-0.64383
-1.0594
0.37747
-0.60989
-1.5561
-1.2472
2.4168
0.24004
1.7851
-1.7675
1.1036
-0.44066
0.92192
-3.1257
1.9763
-2.1339
-1.1446
0.2333
3.3344
0.96221
-0.32568
-1.2623
1.6524
-0.75387
-1.0564
-0.70753
-0.22657
-0.89744
1.7926
-0.8956
1.7856
-1.4431
-0.47226
0.67464
-1.6173
-0.94409
1.3743
-2.1938
1.1036
-1.4944
-1.9246
-1.663
1.7753
-1.4598
-3.5512
-0.75086
-1.1118
-1.8441
-0.51947
-2.1823
-2.7607
-0.32059
-0.46943
-1.0434
1.1848
0.63222
-1.2772
-0.86845
3.3531
-0.86434
-1.2772
-0.92295
2.4334
-1.9015
1.618
-0.65261
0.011031
-1.478
2.2549
-0.18485
2.8481
-0.68097
-0.43717
-3.1734
2.2581
-0.86919
-1.2772
-0.43134
1.5702
-2.5702
0.53752
-1.337
-0.066948
-1.6642
-2.388
-1.1694
3.1248
-0.65542
-1.0501
-0.8313
-0.23986
-0.72109
-0.49787
-1.3562
0.48767
-0.23349
1.6524
-1.0105
2.6385
-1.805
-0.93245
-2.0443
-0.62357
-1.3389
-1.0614
-1.391
-0.34011
-1.1966
-1.0564
-1.6022
1.4699
-1.5289
-1.5561
-1.1611
-2.0201
-0.74165
1.0546
-2.3024
2.8367
-0.58595
-0.4217
0.1219
-1.247
-1.637
0.52309
-1.3211
1.1036
-1.6198
0.16616
-0.32129
2.8208
-0.39092
-0.51654
-1.3758
-1.3994
-1.0073
2.1669
-1.5684
0.81146
-1.1768
0.91771
-2.3331
-1.961
-1.0951
1.1434
-1.4753
-0.22657
-1.5787
0.24043
0.61023
-1.0043
-1.3383
-1.6682
-1.1948
3.3531
-2.4918
0.42976
-1.1154
2.8356
-0.39544
-1.0041
-0.12687
-0.48905
-1.1214
3.3344
-0.95132
-1.2396
-1.284
-0.28364
-1.2843
3.1327
-2.0177
0.62334
-1.7194
-0.35076
0.032254
-1.0691
-1.2451
-1.0614
-0.77562
-2.3566
-0.73826
3.1248
-1.922
-0.69288
-1.2239
-1.0898
-0.81299
-2.0201
-0.15332
-0.67399
-0.34578
2.2616
-1.1747
3.1625
-1.3221
-0.035961
-1.4625
-1.1654
-1.9314
2.9264
-0.51831
-1.4136
0.031461
0.3912
0.099992
0.77239
-1.7182
2.5725
-1.1032
1.2156
-0.53607
3.525
-0.16328
1.2942
-1.3955
-0.14977
0.14516
1.9305
-0.67621
1.306
-0.49492
-0.94619
-2.2737
-1.81
-0.35939
-1.1402
-1.8032
-0.77482
-0.8991
1.618
-0.33353
0.64865
-2.3648
1.1592
-2.0177
-0.43736
-0.86157
-1.2852
-1.1739
-0.22657
-1.0674
2.4387
-0.21657
-1.3563
-0.24636
2.4407
-1.0615
2.2993
-2.077
2.4407
-0.60819
-1.247
-0.77469
1.4129
-0.15517
3.9581
-1.6817
0.86638
-1.9931
1.5536
-1.1196
3.3344
-1.3058
0.19261
-0.27442
0.78493
-0.54621
-0.39706
-2.1938
2.3311
-0.97447
-0.82982
-0.49767
-1.2278
-1.5435
-0.45509
-1.2875
-0.26792
-1.8806
1.5697
-1.4342
-0.79495
-0.30108
1.7605
-1.8008
-0.79315
-0.74412
-0.67399
0.46338
-0.47335
-0.56124
3.4154
0.060132
-0.73796
-1.3037
-2.8833
-0.94824
1.1036
0.39686
-0.52272
-1.329
-0.7877
-2.4914
-0.55489
-1.1839
-0.70449
-2.2184
-1.5029
-2.0647
3.1248
-1.2925
-2.2176
-1.4376
3.9897
-1.0439
0.12524
-1.8241
-2.3385
-0.56789
-0.55489
-1.5071
-2.8833
-0.91036
-0.24373
-0.24222
-1.81
-0.34202
-0.41823
-1.0998
-0.53249
-1.9425
3.1248
-0.96264
-0.39399
-0.15984
-2.8833
-1.2057
-0.78926
-0.94691
-0.72158
-1.5892
-0.3698
-1.4179
-0.50114
-0.45203
3.1248
-0.61672
3.1248
-0.98864
-2.5064
-0.80457
-1.247
-0.31547
2.4168
-1.0025
3.1625
0.44821
-0.93209
1.0512
3.3344
-1.6866
2.9584
-0.41759
1.7753
-1.5552
-0.70449
0.2043
-2.388
-0.85426
1.2942
-0.63634
2.4168
-1.2551
-0.17986
-0.95084
2.2993
-0.65984
-2.8616
0.97122
2.3805
0.28994
-0.22657
-1.5107
-0.43946
-0.26752
1.618
-0.7901
1.0296
-0.70245
0.79391
-1.4599
3.1625
-0.71902
-0.22657
-1.7381
2.4407
-0.17109
-2.6732
-0.87536
2.4487
-2.4067
-2.2328
-0.25234
-0.13175
-0.5437
2.6385
-1.2138
-1.4136
-1.0759
-1.1446
-1.7213
-1.2772
-1.4104
0.71985
-3.282
0.38976
-2.2018
1.5536
-0.13622
2.3152
-0.79177
3.3531
-2.1622
0.16123
-1.2011
1.2187
-1.8465
-2.8833
-0.31809
-1.8295
-1.7422
-0.6626
-0.24423
2.2993
-0.43846
-0.43345
-1.2432
3.1625
-1.3212
-1.7143
-1.2925
-0.61914
-0.56788
-0.74298
-1.3225
1.7753
-2.1345
-2.148
-1.9406
0.92192
-1.1295
-0.6123
-1.4548
1.9777
-1.5033
-2.0201
-1.1261
0.62334
-1.2731
0.17765
-2.0044
2.3152
-2.7057
-1.6934
-1.2704
1.3291
-0.69347
3.1625
-1.9531
-1.891
-2.6466
0.92192
-1.3533
-1.492
-1.5536
3.3344
-0.92819
-0.030996
-1.0898
-1.3263
-0.068238
0.12132
0.4116
-0.19377
-0.66756
-1.3134
-1.6106
-0.05006
-0.6083
1.2187
-1.4997
-0.79189
-0.55017
-1.1821
-0.7852
-1.6292
-1.8556
-0.24426
-1.0091
-1.9246
-0.092856
2.2993
-2.1939
1.1036
-2.9361
2.1669
-1.4243
3.1625
-1.684
-0.72005
-0.18991
2.6124
-0.4593
-0.15371
-1.6309
2.4168
-1.2293
-1.247
-0.20846
-0.6123
-0.91761
2.4712
-1.0876
1.9205
-2.1564
0.06655
0.10744
-1.8225
-0.30428
2.2616
0.35444
-0.10405
-2.5064
2.6254
-1.6615
-2.2425
-0.71931
-1.3187
-1.8821
-1.3355
-2.3052
3.525
-2.3554
2.3829
-0.64592
2.3805
-0.23655
0.52135
-1.5723
1.1394
-1.4584
1.0142
-1.0412
1.2187
-0.21617
1.9757
0.043608
2.4334
0.83337
1.7492
-0.56761
0.52309
-1.9469
-2.0316
-0.023899
3.1625
-1.2366
-2.1404
-1.6444
1.7851
-1.4855
1.8907
-0.11664
1.7926
0.60221
3.1248
-1.5943
3.4448
-0.65984
1.5775
-2.3367
-0.70714
-0.81001
1.2187
-0.41052
0.62334
-1.1419
-0.22657
0.16993
2.6461
-2.8914
0.69521
-0.68832
1.4404
-0.064496
-0.74816
-2.2184
2.6642
-1.1897
1.4093
-0.52779
-0.12032
-0.30555
2.4407
-1.2074
-0.45568
-0.90419
1.8329
-1.1177
3.1625
0.63562
-2.0201
-2.1966
2.6385
-0.79058
2.6385
-0.85456
3.1248
-0.46343
1.1877
-1.8878
-0.47226
-1.8264
2.0501
-1.9456
3.1248
-0.27154
1.5775
-0.60152
-0.97098
-0.80673
0.37747
-2.9075
2.4407
-0.9506
2.8208
-1.123
2.0621
-1.1846
0.35546
-0.5406
-0.80868
-0.9895
1.6533
0.23234
2.9431
-0.04448
2.8291
-0.5279
1.1036
-0.55051
1.1036
-2.2989
2.7993
-0.41699
1.4246
-0.80126
-0.71283
-0.32763
-0.7493
-1.6677
-1.8295
-1.5501
-1.7078
-2.2151
1.5991
-2.3728
1.5536
-1.072
0.37747
-2.811
2.4334
-0.41052
-2.0587
-0.40003
-1.4061
-1.6997
-0.18005
-2.3024
-2.0201
-0.84793
2.9071
-1.5095
0.13113
-1.6523
-2.0201
-0.87897
