-1.4455
-2.0995
-0.65866
-0.29389
-0.27069
-0.23525
3.285
-2.0219
-1.8931
-1.5672
3.285
3.1916
0.59963
-0.75422
-1.4455
0.61181
-0.1703
-1.1571
3.8638
-0.43709
-1.0299
-1.0792
3.7794
-2.3007
-2.3087
0.25248
0.50269
0.33082
-1.3939
-0.44543
2.9199
0.1499
-1.0299
-2.2934
0.95159
-2.1423
3.8638
0.61181
-1.3939
-0.10328
1.0132
1.1376
-1.2241
-0.89207
-1.8931
-2.2115
-1.7125
0.28202
1.1182
0.08967
-0.71905
0.91862
2.408
0.64045
-0.53066
-0.62674
3.0006
-0.29825
3.0006
-1.4375
2.7366
0.14022
0.797
-0.24165
0.39221
-1.7468
-1.7125
-0.89207
3.8638
1.4782
1.4538
-2.1038
-1.7125
2.2488
3.499
-1.4093
-0.53066
0.48431
-1.017
-1.7048
-1.2241
-0.42881
0.25821
-1.0964
-2.3087
-0.54608
-1.4109
-2.6222
2.408
-1.4042
4.0544
0.86961
-0.76787
-0.86219
3.8638
-0.29389
2.8783
0.092611
-1.3939
-0.33635
-1.2549
-1.2363
1.6444
0.1499
2.2365
-1.9716
-0.84826
-0.42134
-1.0299
-2.1953
-1.6215
-0.88002
-2.1544
-0.42175
-1.2549
1.1452
-2.1544
-2.5234
-1.7125
-0.97472
0.31523
1.0259
-0.84927
-1.0009
1.1156
-0.62801
-1.4455
0.28905
-1.0299
-0.72155
-1.7125
-0.62479
0.33002
-0.54882
-0.095219
-2.2446
3.7794
0.12762
2.408
0.25248
-1.0299
0.30595
-1.017
0.30868
-0.89953
1.2365
-1.3939
-1.0704
