-0.43999
-0.3618
-0.24938
-0.96883
2.3766
-1.9051
0.44255
-1.0576
-1.6527
-2.3688
1.4575
-0.2452
1.2554
-1.4317
-0.43999
-1.0229
1.526
-1.1998
1.0522
-0.488
-0.54314
-1.2799
1.4868
-2.1523
-0.42065
-0.33423
0.81155
0.3584
-0.32177
-0.56947
0.70044
-1.4039
-0.43999
-0.59381
0.54143
-0.05037
1.0522
-0.3842
0.63892
-0.16987
-0.4375
-0.14363
-0.35336
-0.31894
-1.6527
-0.5675
-0.32177
-0.3618
1.0648
-0.56034
-0.43999
-0.21052
1.5021
-0.15531
0.50984
-0.096957
-0.35336
-1.0823
-1.3007
-0.67488
2.0488
-0.89711
0.54143
-1.8087
0.70044
-1.1991
0.62364
-0.2452
2.0288
-0.50588
-0.86376
-1.3017
0.189
-1.1991
0.70044
-0.7345
0.54143
-0.12834
0.13464
-1.3434
0.89846
-0.99158
1.0158
-2.103
-0.24226
0.1287
0.50984
-0.19439
1.0648
-0.70466
0.70044
-1.7219
0.24692
-2.0767
-0.4375
-0.060025
1.5134
-0.39927
-1.3032
0.55341
-1.1919
-0.97885
-0.59888
-0.79966
-0.14796
-2.0294
-1.6527
0.34765
1.5021
-1.0802
-1.0902
-1.5094
1.0522
-0.89536
1.6927
0.24106
0.54143
-1.396
-0.32177
0.43883
-0.22703
-1.1229
1.0522
-0.57976
0.87704
-0.56947
0.54143
-1.5315
0.54143
-1.4076
1.4145
-0.61412
2.7313
-1.5648
0.50984
-0.35893
3.3325
0.4468
0.73322
0.078493
0.50984
0.025702
-1.2758
-0.020442
