2.6396
-0.85558
3.3884
-1.036
0.063599
-0.75709
2.1888
-1.0761
1.3256
-0.82796
0.063599
-0.21426
3.3884
-0.39334
3.1978
-1.4846
2.3794
-1.3107
1.4727
-0.37359
2.3329
-1.4
2.3329
-0.9352
-0.49187
-1.6151
3.3884
-0.55235
1.8762
-0.30821
0.2542
-1.0912
2.6507
-0.71539
0.42356
-1.2391
2.6507
-0.68092
1.9583
-0.099631
2.7394
1.1203
0.9287
-1.69
2.3346
-1.0775
1.3256
-1.4793
2.6507
-1.4459
2.8215
-0.68997
3.1999
-0.75709
3.8254
-2.2074
2.9622
-1.7742
1.3256
-0.37359
0.42356
-0.75709
3.8254
-1.5633
4.016
-0.35574
2.9622
0.71435
2.1888
0.65456
2.3329
-1.9771
1.7875
-1.1961
2.8413
-1.799
3.8254
-0.18298
2.1533
0.63108
1.8762
-0.16513
3.3391
-1.1078
2.3367
-0.8217
2.6507
-0.21292
3.1978
-0.68092
2.93
-1.6034
2.2531
-1.3781
1.7919
-1.2527
-0.43965
-1.6705
0.56033
-1.187
2.93
-0.80464
2.93
-0.80475
1.4727
-1.6062
0.9287
-1.083
3.8254
-0.80464
1.8762
-2.5303
1.4727
-1.1922
4.016
-1.2736
1.7919
-1.6972
0.61059
-0.49032
