3.3934
-2.5286
3.584
-0.54513
3.3934
-0.82225
3.3934
-0.5073
-2.0441
-1.7413
-1.4437
-1.1394
-0.086698
-1.4083
3.3934
-2.2729
0.25681
-2.7041
3.3934
-0.95186
3.3934
-2.5537
3.3934
-0.90759
-1.0023
-0.94653
3.584
-0.67568
2.5302
1.2656
1.7258
-1.1394
0.0082135
-0.27152
1.5526
-1.5148
3.3934
-1.8574
2.5302
0.14622
-0.55439
0.14622
0.59693
0.65122
2.5302
-3.3431
2.5302
-0.90759
-1.5278
-1.3296
3.3934
1.0751
-0.64059
-1.2508
3.3934
0.29149
2.5302
-0.14637
-1.3262
-0.73133
3.3934
-0.33828
3.3934
-2.9213
2.0755
0.42161
-0.91938
-0.82225
0.30744
-0.53567
0.90046
-0.019294
2.5302
-0.82017
-1.0973
-3.3431
3.3934
0.5465
2.9071
0.59168
-2.0411
-1.2387
2.9071
-1.2455
2.5302
-1.8409
0.36357
0.3559
3.3934
0.3559
-0.024571
-0.58227
2.9071
-1.6855
0.93436
0.59168
2.5302
-0.1807
2.5302
-1.2508
3.584
-0.47735
3.584
0.96509
3.3934
-1.4641
-0.59942
-0.88117
-0.044434
0.59168
-2.3672
-0.16896
3.3934
0.42161
3.584
0.96509
-1.4595
-1.2015
-1.0055
-2.9622
0.93722
1.1279
-0.24828
-0.47735
0.15221
0.21602
1.1575
-0.60087
-0.15784
-0.53122
2.5302
-0.94653
0.78078
-1.2884
3.3934
0.10189
3.3934
-0.35452
3.3934
-0.94653
3.3934
-0.33828
-1.1938
-0.8203
0.99267
-1.0718
1.8977
-0.33828
-0.69149
0.59168
2.5302
-2.0026
0.33836
1.0501
3.3934
-0.82225
-0.60406
-0.82017
3.3934
0.42161
3.3934
0.3559
-0.69715
-1.0096
3.584
-0.33828
3.584
-2.7307
