-2.3816
-0.07006
-0.84408
-0.53928
-1.4924
0.39717
-0.38914
-1.3472
-1.1243
-1.6152
-2.2558
-0.7426
0.39547
-2.9232
-0.97038
-1.7143
-0.84214
-2.5102
-1.3485
-1.2491
-0.59711
-0.82668
-1.1044
-1.7933
-1.3327
-0.25628
-0.49152
-1.5566
-0.82892
-3.3732
-1.0748
-1.3441
-1.0518
-1.0012
-0.48798
-3.5161
-0.25748
-0.44372
-0.90753
-1.357
-0.53928
0.084712
-2.9003
0.47104
-1.2942
-4.2364
-0.6708
-1.1195
-2.6143
-0.5407
-2.107
-1.3316
-0.70536
-0.88725
-0.80194
-1.6065
-1.9052
-0.91914
-2.0459
-0.35379
-0.78653
-2.9206
-0.61276
-1.1827
-1.1614
-0.6695
-1.439
-0.78653
-1.0511
-2.1962
0.026548
-1.4486
-1.6912
-0.72974
-0.66158
-2.102
-1.5734
-2.204
-2.1244
-0.95918
-2.4732
-0.57658
-2.3965
-1.9942
