2.6252
-1.4238
-2.5366
-0.95142
-1.2185
-1.1114
2.8589
-2.3799
-0.69858
-1.7761
1.7778
-1.8291
3.5119
-2.417
1.0059
-0.022567
-1.022
-2.9473
-0.43314
-1.5007
3.3213
-1.4274
-2.8121
-3.1668
-3.2783
-0.91386
-0.90976
-0.9846
-1.2963
-2.8831
3.5119
-1.2057
0.12144
-3.747
-0.7998
-3.0163
0.14986
-1.6041
-3.6753
-0.051565
0.030806
-3.4198
-2.0758
0.37928
-1.1461
-2.3793
-1.1461
-2.6296
-0.89507
-1.2606
-2.8121
-0.615
-2.1673
-1.6411
-2.8121
-0.63499
-3.6753
-2.6378
3.0478
-2.5493
0.15702
-2.0867
-1.5983
-0.30325
-2.6215
-1.2796
-1.7583
-2.8096
-2.8121
-1.2649
-0.089804
-2.0114
-0.37357
-2.1749
-0.90976
-1.8605
1.7778
-1.7437
-0.32928
-0.98828
-3.6753
-0.70261
-0.39262
-3.0627
-1.61
-1.0517
-1.1004
-2.5995
1.6213
-1.6404
3.0495
-2.3114
-1.131
-1.5641
2.9056
-1.0579
-1.9636
-0.8937
-1.1065
0.50226
3.5119
-1.9809
-1.022
-2.1669
2.6252
-1.6492
-1.1461
-1.4271
0.45098
-1.515
-1.651
-2.0272
0.15024
-1.1752
3.5119
-1.293
-0.78781
-1.793
-0.96948
-3.6182
-1.7449
-2.5816
-2.1986
-2.4652
1.6213
-0.48128
3.3213
-3.1377
1.0059
-1.8893
-1.61
-0.56067
2.8589
-0.39363
1.7778
-3.4125
0.030806
-1.2728
3.3213
-1.1641
2.6252
-0.89484
-0.50691
0.34667
-0.70618
-2.2719
-0.70618
-1.2076
0.15702
-0.95188
0.91464
-2.2711
0.16462
-3.5628
-2.4151
-0.58441
-0.036436
-0.91343
0.86793
-2.2025
-0.93581
-2.4691
0.91464
-1.1746
2.8158
-1.7848
-1.022
-3.9537
0.18422
-0.56565
3.3213
-0.1269
2.8589
-1.2642
0.30717
-3.8619
-1.2185
-3.272
-0.25012
-3.4726
-0.76952
-4.1492
-1.1004
-0.48463
-1.5322
-0.94378
-1.2126
-2.4652
-0.26242
-1.9802
-1.335
-2.4362
-2.8121
-0.8197
-0.063755
-1.0607
-0.71334
-2.7533
-0.33758
-0.74307
-1.1004
-0.6147
-0.74521
-0.53177
0.62678
-1.5577
0.51964
-0.6517
0.91074
-3.1078
-0.57255
-2.1915
0.14986
-1.468
1.2758
-2.0588
3.3213
-1.6372
-1.4221
-0.70614
-1.2126
-1.0459
-2.0758
-4.2201
-0.052678
-0.55976
-0.80985
-1.6819
-1.2185
-2.5677
3.5119
-1.8706
-0.52818
-1.9249
-1.9537
-0.6229
-2.5366
-1.9336
-0.97774
-0.90696
-0.020101
0.017831
-1.9636
-1.5572
-0.8833
-2.0661
0.030806
-1.6834
1.459
-1.1634
-1.9636
-1.7126
-0.089804
0.21893
0.14986
-1.5538
-0.020101
-1.2157
-0.77671
-3.4032
-0.88199
-3.3848
-2.1646
-1.6359
-0.67341
-0.91506
-1.3893
-0.7562
-1.2963
-1.1756
-0.28292
-4.3642
-0.90976
-3.6756
-0.70618
-1.3266
-0.90976
-2.9591
-1.3162
0.041711
-2.2245
-2.0239
0.61138
-1.9426
1.4664
-2.5887
1.7778
-0.70115
-2.0758
-2.0267
-1.6177
-1.3806
1.0059
-1.1937
-0.89507
-1.2735
-1.1065
-3.4379
-0.74176
-2.7067
-0.69858
-0.56217
-0.69858
-1.0151
0.15702
-2.7829
-1.8305
-1.1641
3.3213
-0.79559
1.2758
-1.405
-0.80985
-0.73553
-0.52818
-2.0709
-1.1004
-2.3637
-0.97013
-0.46721
-1.1004
-2.0655
-0.93581
-1.6627
2.4581
-1.3629
-1.1004
-1.3344
-0.02932
-3.2481
0.030806
-0.46071
2.8589
-0.72103
0.86793
-1.7685
-0.089804
-0.73153
0.030806
-0.46088
-0.48281
-1.3933
3.3213
-0.28862
-1.1004
-3.0874
0.030806
-2.8689
-0.52818
-2.1785
3.3213
-1.3719
-0.44768
-2.0428
1.7164
-1.3471
-2.4809
-0.89776
1.4871
-1.5337
-0.49353
-2.0658
-1.61
-2.8281
0.62678
-1.2398
-1.1461
-2.1509
-1.9469
-0.86999
-0.80985
-0.72982
0.86793
-2.3036
-3.2984
-0.029572
-0.60083
-1.531
-0.49353
-1.8227
-1.974
-0.8805
-1.2126
-1.659
3.3213
-2.4584
-1.1004
-2.4347
1.9684
-1.6266
-2.8121
0.67282
1.2758
-1.5669
0.18422
-0.80721
3.3213
-1.2183
2.4581
-0.2776
-2.1051
-0.96508
-2.6215
-0.45187
0.030806
-0.28054
-2.1051
-0.57525
1.9684
-2.4559
0.15465
-2.1738
-2.1646
-1.5974
0.099681
-1.6124
-3.0278
-2.4283
-1.3162
-2.0136
-0.74421
-1.6598
-0.91944
0.3363
-0.98657
-3.8555
-0.69858
-2.2865
-1.9636
-0.83301
1.8985
-2.7532
0.67362
-2.8525
-0.8324
-2.3966
-3.0305
-0.34653
-0.33758
-1.01
0.29029
-3.104
3.3213
-1.6422
-2.8245
-0.05478
-1.2185
-2.3404
0.28472
-1.7848
-3.0278
-0.15714
3.5119
-2.9987
1.6777
-2.1556
