0.36887
-1.7697
-0.42683
-1.2862
-1.168
-1.34
3.2914
-2.2119
2.4282
-2.2639
-0.12047
-0.72328
3.482
0.15345
0.85837
-1.1854
1.049
-1.2006
3.632
-1.6956
-1.168
-1.3116
3.2914
-2.0386
-0.035826
-1.1687
0.4245
0.066402
-0.69614
-0.78777
3.482
-1.5334
-0.61744
-2.7412
3.632
-1.7914
3.2914
-1.9186
-2.0312
-0.82837
3.2914
-2.0845
2.4282
-1.7189
-0.035826
-0.17083
2.4282
-2.7467
3.2914
-1.0109
-0.81502
0.21497
-0.61744
-0.51204
-1.168
-0.2175
-2.0312
-1.9788
0.2656
0.99363
0.85837
0.10337
-0.61744
-1.34
-0.24604
-0.67591
2.7688
-1.0455
3.632
-0.4416
-1.168
-1.0377
-0.81179
-1.1947
2.9402
-0.13963
3.2914
-0.17398
2.8051
-0.65475
2.4282
0.5626
2.8051
-1.8682
0.090667
-1.0138
3.2914
0.25395
0.20523
0.4529
-0.9774
-0.82075
-1.6543
-0.62881
-1.168
-0.22315
-0.43372
-1.5934
-1.6534
-0.036875
-0.35218
-2.1073
3.482
0.33355
-0.60463
-1.852
-1.4806
-1.6549
3.2914
-0.87902
2.5625
-0.80172
-1.168
-1.7627
0.022183
-0.30251
3.2914
-2.6415
0.0027396
-1.4696
-1.7158
0.36071
-0.61744
-0.78405
3.2914
-2.2637
0.85837
0.54305
3.2068
-1.2991
2.4282
-1.3116
-0.61744
-0.83067
3.2914
-1.3484
3.2914
0.42475
1.0689
-0.15894
0.82738
-0.30678
-1.6543
-2.1073
-0.46236
-0.14061
2.4282
-0.29183
-0.79016
-0.72328
-1.4806
-1.2536
3.632
-1.6602
0.86594
-1.1521
0.4981
-1.0936
3.632
-1.5866
3.632
0.26195
2.7688
-1.5677
0.72886
0.67256
1.049
-0.48531
3.2914
-0.4728
0.6844
-1.0761
0.12558
-0.43288
0.85837
-2.5341
-1.168
-0.50357
3.632
-1.3487
-0.048267
-1.4281
3.2914
-1.0071
1.0055
-2.2751
-1.447
-1.2725
3.482
-1.6602
2.4282
-0.67068
-0.89234
-0.64852
-2.0312
0.071903
2.7688
-1.5628
3.8226
-0.37757
3.632
0.15714
-0.62441
-1.7627
0.85837
-1.2548
-1.1037
-0.93089
3.2914
-2.145
-0.29273
-1.4833
-1.5515
-1.2587
3.2914
-1.2905
0.53825
-0.85252
-1.1037
-1.9918
3.2914
-0.58043
-0.0048298
-1.0466
-0.91712
-1.2194
-0.091445
-2.4695
1.0851
-0.58116
-0.10213
-1.8858
-0.089762
-1.2084
-0.0073344
-1.8663
-0.9774
-1.9788
2.4282
0.54873
-0.81502
-0.21015
-0.43372
-2.2032
-0.87054
-0.18286
-1.168
-0.32204
3.2914
-0.1089
-2.0312
-0.47504
2.5128
-1.7778
1.3963
-0.061495
-0.61744
-1.2186
3.482
-0.32204
3.2914
0.90011
3.2914
-0.25145
1.4121
0.043808
3.2914
0.057575
-0.50624
-0.1292
3.2914
-1.0057
-0.42683
-1.538
2.4282
-0.11744
-0.9774
0.090135
-1.4806
-1.5434
3.0427
-1.4473
-1.168
-1.1303
-0.4774
1.0477
0.077964
-0.62394
-1.9923
-1.7128
0.6844
-1.4873
-0.064562
1.0477
3.4257
-3.1383
-2.3724
-1.8082
2.4282
0.5255
-0.035826
0.65875
1.9889
-1.3839
3.4257
-4.1201
-0.048267
-0.69946
3.632
0.67251
1.2703
-1.2288
3.2914
-0.77645
3.4257
-0.13353
3.2914
0.42806
3.632
-2.8939
-0.96865
-1.2006
-0.81502
-1.5501
-1.6623
-1.0797
3.2914
-2.6195
0.81494
-1.0568
-0.61744
-0.10329
0.42948
0.62874
-1.8964
1.0907
-1.168
-1.1479
0.62935
-1.6152
3.6163
-1.4493
0.067056
-1.2194
-0.29273
-2.5234
0.42948
-0.60925
3.2914
-1.877
1.1421
0.056616
-1.6543
-0.69876
-2.3935
-1.8447
-0.1788
-1.7189
-1.168
-2.3345
3.2914
-1.389
-1.4806
-1.5334
-0.31669
-0.66625
2.5625
-1.1012
-1.4806
-0.61954
3.4257
-1.14
3.2914
0.053414
-1.6543
-0.3916
-1.1037
-1.878
-1.168
-2.729
3.6163
-1.6956
-1.168
-0.67986
-0.86423
-0.33532
0.051413
-0.80926
1.2718
-0.076047
3.2914
-0.80926
1.4029
-2.1547
3.4257
-0.22031
-1.168
0.19253
-1.65
-0.76742
3.2914
-0.076047
-0.090974
-1.2288
3.2914
-1.0044
0.095544
-0.26401
0.022779
-1.049
-0.035826
-3.1812
-0.33775
-3.2569
-0.61744
0.26195
2.4282
-1.3769
2.5625
-1.61
-0.61744
-1.7548
2.9394
-0.75161
3.2914
0.30648
-0.87054
-0.85336
2.4282
0.076591
0.87055
-1.373
3.6163
-0.30251
1.5614
-0.71905
-0.43372
-1.6709
-0.40591
-0.90652
