-0.30168
-1.8428
-0.71297
-0.61246
-0.90358
-0.26925
-0.42846
-2.6553
2.6989
-2.4046
1.1579
-1.2012
2.0218
-2.4916
0.19536
-1.421
-0.30343
-2.06
0.86384
-1.7842
-1.689
-1.0565
2.4717
-2.0263
0.22324
-1.8816
0.82336
-0.7008
-1.2917
-1.8185
2.0218
-1.3229
3.7804
-2.4734
1.1579
-0.44049
-0.42846
-1.7258
3.3683
-1.6413
1.1579
-0.099711
-1.0514
-1.1454
0.87402
-2.6041
-0.84313
-2.5775
1.0864
-0.11534
0.48921
-1.699
0.86384
-0.44049
2.4717
-1.6232
0.96795
0.8327
-0.23045
-2.0574
-0.30168
-1.3298
-0.026672
-1.439
0.45641
-0.10281
-0.59739
-1.2581
-1.3273
-1.0993
1.1579
-2.6681
-0.59739
-1.8905
1.9191
-1.0641
1.1579
-1.142
-0.51297
-1.5722
0.96795
-1.463
-0.67446
-2.7448
0.96795
-0.6969
-0.26829
0.34724
-0.42846
-0.92067
-0.68685
0.6587
-1.53
-1.1924
1.7284
-0.38693
2.9172
-0.29459
3.3683
-0.29378
0.21068
-1.5689
2.0218
-0.40863
4.2315
-2.2207
-1.2917
0.631
0.26581
-1.4599
-1.2917
-1.0641
1.8311
-1.3546
0.30871
-1.3575
1.0864
-2.1861
-1.2917
-1.3782
