-0.71656
-2.6789
0.20164
-2.4342
-0.93436
-2.0839
-0.81897
-0.94768
-1.5935
-1.3276
-0.7798
-1.2887
-0.49397
-1.0571
-0.71656
-1.6923
-1.633
-1.531
-1.8237
-2.7469
-0.71656
-1.4986
-0.68457
-3.2425
-2.6869
-2.6206
-1.633
-2.0429
-1.8474
-2.0312
-0.62837
-1.3358
0.011039
-2.3884
-0.7798
-0.47699
-0.93436
-1.0984
-1.6822
-0.27377
-0.7798
-0.41543
-1.643
-0.084479
-1.643
-1.1728
-1.643
-3.0419
-0.71656
-2.3391
-0.7798
-1.3799
-0.81897
-0.14389
-0.73025
-2.7469
-2.6869
-1.8936
-1.5935
-1.3942
0.011039
-2.1787
-0.7798
-0.19392
-0.62837
-1.4209
-1.643
-2.4675
