2.4279
-1.5079
2.9834
0.12632
1.4301
-2.293
1.5197
-1.9629
-0.35401
-1.6512
1.7669
-1.5926
1.9812
-1.4238
-1.8317
0.46844
2.5362
-2.4719
0.52862
-0.85272
2.4279
-0.72004
0.78427
-1.8062
-0.44853
-0.32962
1.4196
0.45857
2.5274
-1.16
-0.76945
-0.72259
0.5019
-1.9223
1.4301
-1.4582
-0.55665
0.98989
-0.48482
-0.78636
0.95684
-1.7542
-0.48482
-2.02
-1.6313
-1.5262
-0.59675
-2.0896
2.8646
-1.0367
0.50919
0.18582
0.52862
0.26835
1.3591
-0.90329
0.90369
-1.4355
2.5274
0.46418
0.41467
-0.77373
0.37838
0.18351
1.7103
-0.63802
-2.6949
-1.7509
2.3456
-1.7499
-0.5249
0.50314
-0.078932
0.3018
3.0552
-1.0114
2.8646
-0.61143
2.3065
-0.89865
-2.6949
1.7989
1.8593
-0.51569
1.4824
-1.2652
-0.7681
-1.7011
-1.1504
0.89726
1.6102
0.034739
0.022897
-1.6612
0.025906
-0.080753
-2.6949
0.45021
2.0014
-1.1034
0.56898
-1.4238
2.5362
-1.6067
-1.8317
-1.7466
-0.8373
0.61926
-1.1504
-0.69098
2.0014
0.31457
0.50919
-1.1792
0.60528
-1.9357
0.5019
-3.0818
1.9296
-0.60355
2.8646
0.26423
1.4196
-0.64921
2.7928
-1.9261
-0.97161
-1.1136
0.37838
-1.8929
-0.48482
-1.428
0.52862
-2.0392
2.3456
-0.57783
-0.55665
-1.2676
1.4196
-1.5556
2.3456
-0.61059
0.015604
-1.9001
-2.847
-0.62665
-0.078932
-0.60931
0.95684
-0.59381
0.65652
-1.2558
-1.1504
0.1807
0.65318
-0.87606
2.3443
0.64502
-1.5738
-0.73295
2.3456
-0.35587
-1.1671
-2.0166
0.60528
0.47346
2.9834
-0.47311
-1.1504
-1.6911
-0.42985
0.56106
1.229
0.24655
2.2102
-0.71094
2.1724
-2.1016
2.2102
-0.78284
-0.33458
-1.1124
0.26645
0.34423
-0.93905
0.78557
2.7928
-1.4562
1.0319
0.34751
1.4824
-1.6574
2.1304
-0.86298
-2.0136
-0.47733
-1.6313
-2.3929
1.1474
0.07702
2.8646
-1.5541
-1.6411
-1.9277
-0.7681
0.1807
-2.318
-0.032803
-1.1504
-1.8712
-1.8317
-2.0028
0.52862
-1.1054
0.5019
-0.32263
0.025906
0.37131
1.6441
-0.54635
2.1724
-0.53294
-1.3881
-2.231
2.5362
-1.1133
0.025906
-2.7909
1.1115
-1.6067
0.69251
-0.81033
2.5306
-1.4168
0.5019
-1.1118
2.5362
-0.090572
-1.9929
1.2117
1.229
-0.40264
-0.0037223
-0.70064
-0.21002
-0.8557
0.41467
-1.6305
0.37838
-1.1948
-1.3881
-0.65673
-0.82154
-1.2558
0.26645
-0.21037
-1.1504
-0.89186
0.21651
-1.544
2.3456
-0.25951
-1.8317
-2.5824
0.95684
-2.582
-0.7681
-0.88684
-0.44853
-0.32056
0.025906
1.7309
1.4196
-0.29362
-1.6313
-0.23944
