0.77295
-1.1105
3.7676
-0.86105
2.7494
-1.246
-0.07898
-2.5641
2.326
-2.8075
1.1491
-0.66382
1.1802
-2.764
3.7316
0.41925
3.3798
-2.4442
-0.31853
-1.0212
-0.56754
-2.0024
3.1892
-3.6567
2.7138
-2.4072
-0.10019
-1.0843
-1.9465
-2.2358
0.22254
-0.42831
-1.2504
-1.2164
2.1735
-0.16999
2.6706
-2.5408
0.67136
-0.019291
-1.4566
-0.78336
-1.3969
-0.56672
2.7138
-1.9616
2.9227
-1.4322
-0.85901
-1.8471
3.0886
-0.66382
3.1892
-1.496
2.7494
-3.1516
1.8074
-0.61683
-0.47761
-0.86426
2.3714
-1.8744
3.8687
-3.1898
3.3798
-0.22602
0.67726
-1.7443
-0.34443
-0.97077
1.7157
-1.607
2.9227
-1.159
1.1802
-2.0222
-1.0619
-1.9522
2.4661
-1.2253
-1.5343
-1.1012
-3.0752
-2.3735
0.61902
-1.192
0.0092489
-1.036
-0.2456
-0.85698
-0.054996
-1.9408
0.50328
-2.3563
3.1892
-0.66498
2.2254
-1.4395
2.2254
-1.1423
2.669
-0.70846
3.2792
-0.39993
-0.29246
-2.702
2.8684
0.46201
0.98958
-0.92495
2.4141
-2.4764
2.6706
-1.0859
0.88107
-0.69011
3.8687
-1.526
2.9227
-0.4449
-1.7711
-2.0236
2.4784
-0.80942
-0.3964
-0.91264
2.3119
0.36101
3.7859
-3.9006
-1.5474
-0.98627
3.1892
-1.5326
0.98958
-1.9848
1.3269
-2.2885
3.034
0.17749
0.98958
-2.4819
0.28665
-2.7146
-0.88636
-1.2589
2.9227
-0.87806
3.0886
-0.11519
-1.154
-3.9076
3.0886
-1.8601
-1.1164
-1.7924
0.80328
-1.5602
0.49643
-2.9638
0.49643
-2.1654
0.12637
-1.8581
3.2246
-1.5272
1.7311
-1.1535
-0.2908
-1.8026
-1.9251
0.065033
0.21714
0.1008
-1.0833
-2.3349
2.6706
-2.3232
0.4649
-2.2676
-0.46814
-0.6934
-0.74503
-1.6933
2.5025
-1.9895
2.4784
-1.386
3.9765
-1.9008
1.6152
-2.1147
-1.0096
-0.63614
-0.46589
-1.8969
2.9227
0.42213
-0.94597
-1.2314
0.21714
-2.208
2.94
-1.8666
0.58444
0.68583
-3.9134
-0.4449
0.69046
-1.8142
-0.91008
-1.5171
0.39731
-0.38084
3.8687
-1.0141
2.6706
0.27922
-1.4853
-2.0742
0.97816
-0.96573
-1.6488
0.31794
2.683
-0.76072
2.7494
-2.1241
-0.022846
-3.2138
3.7676
-3.2111
2.4748
-0.35948
2.6706
-2.9077
1.1802
-1.0148
-1.9998
-0.023447
-1.7903
-1.7796
-3.5121
-3.5079
2.7138
-0.45636
2.3924
-0.039147
3.0886
-1.9197
-0.8046
-0.51973
3.2773
-0.90838
0.14415
-1.3593
2.4784
-1.332
2.94
-0.0093483
0.34535
-0.43694
2.7494
-1.6852
3.577
-0.42268
0.35309
-2.1131
0.12637
-1.2625
2.7494
-0.83251
-2.4838
-1.8666
-0.94166
-1.6453
-1.1908
-3.06
-1.1817
-1.3798
-0.054996
-1.7606
-0.31853
-0.35017
3.3798
-1.6852
3.1892
0.044098
2.326
-2.2838
0.35309
-1.9172
0.39731
-0.86105
3.1892
-2.2093
2.2254
-2.8984
-0.053642
0.023798
1.8862
0.95876
-1.0813
-1.6352
2.4784
-2.6932
-1.6488
-1.8872
1.2866
-1.4341
0.39506
-1.3693
-0.2908
-0.74045
3.0886
-1.8701
-0.31853
-2.524
0.97558
-0.93522
0.69046
-1.6192
3.1892
-3.4389
-0.8046
-0.35948
2.9524
-3.0483
0.0011389
-0.92622
3.0886
-1.1521
2.4784
-0.15618
3.7859
-0.32751
1.2866
-0.44353
0.97816
-1.0142
1.1802
0.018246
0.077133
-2.1463
2.7494
-2.0127
0.80956
-3.2549
0.98958
-2.767
2.3119
-0.87532
3.2453
-0.24258
2.4784
-2.3533
2.9227
-0.76434
0.81825
-1.2851
0.77295
-2.0024
-1.4772
-0.985
2.4784
-1.8793
-1.1563
-2.0227
2.2254
-2.458
0.11608
-1.2058
-0.17346
-0.72209
2.791
-1.7258
3.3272
-1.2826
-0.07898
-0.8191
3.7676
-0.65047
2.3714
-1.5443
-1.2504
-2.0001
1.0139
-1.9274
3.3798
-0.56088
3.8135
0.7575
-2.3488
-1.8472
-0.34443
-0.74377
3.1892
-1.2292
-1.2447
-2.5358
3.034
-0.72305
3.9765
-2.5062
-2.6744
-2.6484
0.85854
0.60701
0.95165
-0.79716
0.59244
-2.9016
-0.24563
0.16452
0.76072
-2.0659
-1.719
-0.89424
1.8074
-2.9188
3.577
-0.67847
1.9921
-2.5522
2.7494
-0.10552
-0.41295
-1.2414
0.12637
0.60501
0.39731
-2.0445
2.94
-1.3082
1.5875
-0.24068
0.86702
-1.5494
-0.12793
-1.6895
0.57619
-2.5358
-2.6744
-0.79567
0.28665
-0.77745
-0.22245
0.07931
-0.33798
-0.72202
1.6152
-0.3881
-0.027443
-1.3373
-0.48045
-0.60731
