-0.57951
-1.1952
-1.2469
0.87257
-0.57951
-1.3254
-0.57951
-2.0038
-1.6373
-1.4736
0.48051
-1.0189
-0.3889
-0.09704
-0.017764
-0.61723
0.67666
-2.0429
1.2988
-1.0277
0.22116
-0.64003
-1.359
-3.2113
-1.4427
-0.57116
0.75601
-1.0539
-1.4427
-2.3459
-0.3889
0.10962
-0.57951
-2.0229
-0.57951
-4.091
-0.57951
-2.0892
-0.29715
-0.17535
-0.57951
-3.1336
-1.4427
-1.1406
-1.4427
-2.1887
-1.4427
-0.95191
0.33135
-0.096595
-0.34414
-1.1565
0.91114
-0.7421
-0.57951
-1.1762
-0.4649
-0.39805
0.94986
-0.17857
0.92108
-4.091
-0.10429
0.1297
-0.3889
-1.1603
-2.0221
-0.74459
-0.57951
-2.299
-0.47363
-2.246
-0.75561
-2.0257
-0.3889
-2.0046
-0.57951
-0.8136
0.033155
-3.0586
-1.4923
-1.4299
0.52146
-3.0746
-1.3931
-0.93696
-0.57951
-0.53299
-0.57951
-1.1287
0.073476
-0.91845
0.89956
-3.4356
-0.57951
-1.5329
-0.52555
-0.48349
-1.4427
0.54453
-0.3889
-2.4354
-0.3889
-0.65391
-0.57951
-1.3945
-1.4427
-0.37391
0.3905
-1.1325
-1.4414
-1.3547
-0.57951
-0.67204
1.0953
-0.048453
0.95228
-2.4969
-2.4791
0.16875
-0.57951
0.062303
-0.57951
-0.57229
-0.57951
-0.57229
-0.57951
-0.83895
-0.57951
-2.2915
-2.4385
-0.94896
-0.57951
-1.2632
-0.57951
-1.2271
-0.57951
-1.6849
-0.57951
-0.61037
-0.36487
-0.86485
-0.68375
-0.36595
-1.3215
-2.3815
-1.4427
-2.1461
-0.57951
-0.303
-1.4427
-3.2376
0.50003
-1.6466
-0.57951
-0.36265
-0.76581
-0.65203
0.15978
-0.33564
-0.57951
-2.0962
2.3593
-1.401
1.1117
-0.61223
-0.3889
-1.5078
-1.7421
0.23413
0.66738
-0.41215
0.028217
-1.7308
1.0398
-1.4755
-0.57951
-1.4701
-0.57951
-0.75882
-3.68
-2.7994
-0.57951
-0.31299
-0.3889
0.22603
-0.57951
-1.321
1.0953
-1.3979
-2.9883
-1.5152
-0.57951
-0.67784
-1.4427
-1.3409
-1.4427
-0.79896
-0.34817
-1.83
-0.57951
-0.94712
1.2491
-1.9354
-0.57951
-1.8139
-1.0658
-0.42517
-0.57951
-0.48349
-0.57951
-1.3112
-0.57951
-0.079343
-0.57951
-1.6443
-0.57951
-0.48302
-1.0658
-0.070288
-0.37382
-0.95873
2.19
0.076784
-0.3889
-0.89466
-0.57951
-1.7012
4.1772
-0.44704
-0.3889
-1.1035
-0.57951
-0.3465
-0.57951
-3.4087
0.88218
-0.64003
-0.13118
-3.3242
-1.1847
-0.26742
-0.17824
-2.5244
-1.4427
-0.5036
-0.57951
-1.1143
-0.57951
-0.96338
-1.4427
-0.064677
0.15634
-1.8109
-0.57951
-1.6918
-0.57951
-0.53132
-0.3889
-0.9364
-0.57951
0.024184
0.26968
-0.80469
-0.95074
-1.2843
-0.57951
-2.1912
