1.5686
-2.0815
0.59214
-1.2606
-0.17365
-0.0026951
0.52851
-0.64666
-1.0368
-0.64989
1.6552
-1.0382
-2.1795
-1.5733
0.40153
-0.57256
1.48
-1.5935
0.98846
-1.2759
1.2894
-0.67748
1.2894
-1.2052
0.79204
-0.34202
-2.1795
-0.54853
2.0209
-1.4578
1.1491
-0.58554
1.3896
-2.9764
0.98846
-0.80027
0.98846
0.1361
0.12526
-0.24971
-0.17365
-1.2422
1.062
0.21331
-0.33469
-0.49518
-3.2333
-1.1946
1.9252
-1.7424
-2.3701
0.21441
0.98846
-0.57163
0.40153
-1.7581
0.70545
-0.49209
-1.0368
-0.3423
0.40153
-0.83503
0.084979
-0.68718
0.29812
-0.37319
1.062
-0.21856
0.98846
-1.0336
0.91628
-1.8581
-0.4946
0.030579
1.48
-1.2331
-0.17365
-0.047023
-0.78365
-1.7581
-1.0368
0.55983
0.42998
-2.7963
-0.46167
-1.0382
-0.17365
0.33549
1.2894
0.40791
-2.1795
0.30442
1.4389
0.079841
-0.13226
-1.3585
-0.87478
-1.5719
-0.8932
-0.49565
-2.1795
-1.2355
1.48
-1.7212
-0.17365
-1.6008
0.42622
-0.33601
0.91628
-1.3586
-0.15513
-2.1608
1.9252
-1.6606
-2.1795
-0.4335
1.2894
-2.1135
-3.2333
-0.84761
0.98846
-0.43675
1.9252
0.56599
0.52851
-0.49565
0.98846
-0.43675
-2.3701
-0.8307
-0.75874
-1.3255
-2.3701
-1.8968
0.47093
-0.95411
3.1745
-0.07641
-0.011579
-2.0424
