0.45706
-1.6801
1.5046
-1.7251
0.6758
0.58177
0.35589
-2.0207
-1.9095
-1.5231
0.91968
0.12618
0.62169
-0.97308
0.41406
-0.19792
2.1684
-2.6776
2.159
-0.55491
1.314
-2.8784
3.5857
-2.2353
2.4812
-2.6074
0.62169
-0.718
0.45082
-0.89533
-0.85486
-0.21551
1.7905
-1.7164
4.3413
-1.8262
1.2937
-0.53591
-0.18741
-1.2794
-2.285
1.0108
-0.50731
0.17545
0.22941
-2.6851
0.22941
-1.4146
0.50682
0.80094
-2.3214
-1.1733
2.6656
-0.43797
1.4342
-1.952
1.154
-1.9964
3.0099
-0.7429
0.43108
-0.2807
0.56086
-3.0558
1.6631
-1.3168
-0.18741
-1.0463
-1.1473
-0.2463
1.2937
-1.8192
0.94194
-0.81689
1.0347
-1.8493
3.8985
0.39863
-1.8976
-0.43199
-0.35314
-0.74311
-1.0194
-2.8837
3.1926
-0.63433
1.0926
-0.81846
-0.03806
-1.2856
-0.95672
0.42456
2.0257
-0.77894
2.5607
-2.1502
-0.019108
-0.24351
0.53924
0.25054
-0.95672
0.61952
0.33262
-1.1375
0.40296
-3.0234
3.4781
1.2881
2.3902
-1.0181
-0.7629
-1.657
1.7905
-0.91336
1.5046
0.32523
2.0172
-3.479
0.92727
-0.86162
-0.35189
-2.1383
2.2939
-0.5574
-1.8553
-2.1412
1.4342
0.71598
1.4342
-1.4658
0.46207
-0.75856
0.69502
-0.95745
0.6758
-1.3902
2.8188
0.20941
-1.4113
-1.3413
-1.6701
-0.53976
2.1793
-0.2018
-0.46024
0.22339
-1.0648
-1.4414
0.62867
-2.4208
-0.43212
-2.085
1.2641
-1.0909
-0.53314
0.022648
-1.3336
-1.4629
0.43108
-0.81456
1.9778
-0.67635
-0.23902
-2.0787
4.5319
-0.12492
3.2376
-0.31486
-1.0435
-0.99287
2.0172
-1.582
-0.12926
-1.3729
2.2939
-1.403
-1.0642
-1.6801
2.2331
1.0166
0.056481
-1.9256
1.7905
-0.048266
1.1148
-1.0149
0.42796
-0.66668
4.0637
-0.86877
2.695
-3.0501
0.35589
-0.63063
1.8024
-1.9952
0.22941
-0.67028
-1.2207
-1.1099
1.2641
-1.0036
2.8186
-2.3796
-1.1473
-0.6473
-0.60103
-0.16832
1.5607
-0.15831
0.6758
1.3447
0.14202
-0.20279
-0.53314
-0.18022
4.3413
1.4267
1.8076
-0.65097
-0.9942
0.92693
-2.0105
0.45572
4.2464
-0.94475
2.4909
-1.0669
-0.15359
-1.5193
3.205
-1.3658
-1.4113
-0.9963
-1.1473
-2.2004
-0.34253
-0.35893
-2.6914
-0.81139
4.0558
-1.1077
2.4812
-1.5547
0.92727
-0.98611
-0.53314
-0.70501
2.0172
-0.66461
-2.2745
-0.28776
1.7905
-3.0216
0.40296
0.018372
-1.1473
-0.6526
0.075877
0.24633
-1.4113
-2.0033
0.6758
-0.80369
1.314
-0.86877
2.2939
-0.052677
-1.3963
-1.0963
0.40296
-0.4568
0.6184
-1.8262
-0.18741
-0.1175
0.59356
-1.5929
0.43045
0.19983
0.33262
-0.13432
-1.4113
-0.047969
-1.0837
-2.1474
0.2015
-0.6473
1.6975
-1.9954
-1.4113
0.15768
-1.4113
-1.5788
0.43108
-1.5369
-0.18741
-0.92542
0.43045
-0.15778
-0.99247
-1.0404
0.060968
-0.82904
3.047
-1.3807
-0.72119
0.21076
1.0926
0.38626
4.3413
0.35325
0.62752
-0.63397
-1.4113
-1.1738
2.1378
-2.5089
-0.37944
-0.84535
-0.94265
-2.3046
-0.97203
-1.0723
1.6975
-0.86819
0.062683
-2.5517
2.512
-2.3194
0.43108
-4.1328
0.45706
1.2041
1.314
-0.13811
0.40296
-0.48464
1.4342
-0.13984
4.5319
-1.0922
0.22458
-1.834
3.047
-2.8221
2.5607
-1.4962
-0.28548
-0.62446
2.512
0.57928
0.3578
-1.278
-1.4113
1.2578
1.9111
-0.1854
1.9778
-0.55819
-0.71924
-0.32993
-2.0105
-3.0173
2.7617
-0.91619
-0.50731
-1.2521
1.4307
-1.8046
-1.1473
0.92585
4.3413
-0.78433
0.80735
-1.2845
2.5607
-0.15486
1.3411
-2.3639
-1.2207
-1.0726
0.14385
-1.2222
0.028602
-0.57308
0.50331
-0.50137
-0.95672
-0.41277
0.90324
-0.8026
0.6758
-1.6555
-0.4654
0.21097
0.6758
-1.0881
1.154
-0.64522
-1.4113
-0.79644
2.8562
0.058238
0.43108
-0.97205
-1.1473
-0.0090621
2.8186
0.34028
0.43045
-1.3792
2.2939
0.17751
0.14202
-1.0485
-0.43212
-0.352
1.154
-1.517
-1.1473
0.062053
3.5695
-0.85183
2.3902
0.30598
0.40091
-1.4244
-0.43212
-0.54777
0.43108
-1.3706
1.5046
-1.4951
-0.46024
-0.75849
-0.50731
-0.38021
1.9811
0.0037544
1.9811
0.46589
-1.1473
0.36606
0.1895
1.0297
3.8731
0.71943
1.135
0.48759
-2.2745
-1.0201
0.33446
-2.8913
2.2127
-1.3436
0.33989
-1.3932
-1.4113
-0.59802
1.6248
-1.9221
0.6758
0.015337
-0.53314
-0.068437
1.7647
-1.5819
-1.4113
-0.80778
4.3413
0.33014
2.6527
-0.65039
1.3411
-2.3796
