-0.82467
-3.6856
4.2582
-1.9477
-1.3809
-2.4095
2.7862
-2.2402
0.96045
-2.8793
0.0047546
-1.4582
-1.5156
-2.8041
2.5779
-1.9515
1.211
-2.0736
0.50979
-0.63536
-0.61225
-0.7103
0.76564
-0.37671
-1.6879
-1.1878
-1.6508
-0.12159
-2.1149
-1.3454
2.9479
-2.2238
1.8236
-1.3043
-0.82467
-0.53322
1.7596
-1.8956
1.7147
-2.3646
2.6189
-1.6598
-0.40663
0.72983
-1.6572
-1.8672
-0.87327
-1.3232
0.72011
-1.9301
0.67867
0.029248
-0.15614
-1.3667
-0.010071
-1.0958
1.7147
-0.36505
-1.9075
-0.84111
-1.2428
-0.72362
3.6709
-0.83565
1.2306
0.47466
0.96045
-0.57674
-0.79405
0.42308
2.0297
-0.71748
1.1665
-1.2033
-0.060923
-1.5383
1.379
-0.80605
-0.54638
-0.85426
-1.0102
-2.2071
3.5813
-1.6196
-0.41105
-0.78852
-1.7529
0.45733
-0.90602
-0.65516
0.25969
-0.36773
0.080276
-1.5659
1.8236
-0.18441
1.9414
0.054522
2.8318
-0.89222
-0.42165
-0.40349
3.8192
-0.68965
1.3232
-0.742
1.7147
-0.69429
0.82883
-1.0157
-0.18532
-0.10839
3.6709
0.18722
-0.28246
-1.3059
-1.1751
-1.7281
-0.18453
-0.26378
-0.62452
-1.3447
0.45657
-0.31762
0.45657
-0.13463
-1.9213
0.42256
0.45657
-2.0809
-0.82584
-1.8933
0.8313
-0.47296
1.8236
-2.1689
-2.924
-2.3371
-0.010071
-1.8483
0.82883
-2.3064
-0.63334
0.36986
-2.7047
-2.2279
1.8022
-1.0073
-0.54641
-1.4331
1.7557
-1.9351
-0.61225
-2.717
1.8236
-1.41
-0.28815
-1.1444
2.5779
-1.2811
-0.61225
-0.31351
-0.79649
-2.0907
4.2582
-0.59303
0.86927
-0.46831
-1.2517
-0.031158
-0.47796
-0.047044
4.0676
-1.2473
1.8236
-1.7493
0.3991
-1.4986
2.0297
-0.70205
-1.6821
-1.9082
4.0676
-0.71432
0.86927
-1.5497
-0.47307
-1.4071
-1.0611
-1.134
-1.669
-1.0187
0.62857
-0.61498
-2.3445
-0.52434
0.71436
0.98267
1.5138
0.45347
2.5779
-0.15026
1.2306
-1.7597
0.45657
-0.086487
0.16117
0.56849
-0.10185
-2.3301
0.31501
-1.7766
2.8046
-1.079
-0.54641
-1.2447
1.8236
-0.39099
2.271
-0.80798
0.4395
-1.3299
-0.87327
-1.2848
0.58987
0.29007
2.8046
-1.7715
-1.2915
-1.5362
0.64718
-0.84573
-1.0443
-1.7698
-1.3809
-1.2866
4.2582
0.32683
-0.18453
-1.7432
-0.53582
-1.9573
-0.18453
-0.78068
-1.9075
1.1768
1.2752
-1.2748
4.0676
-1.362
-1.0102
-0.59607
-0.51471
-1.3998
-0.818
-1.4191
-0.97272
-3.4569
2.0143
-1.0242
-3.3836
-0.84539
-0.14704
-0.599
-0.17731
0.36915
3.6709
-2.8397
-1.9075
-1.9086
-1.1587
-2.0171
-0.88755
-0.70063
-2.106
-0.71629
2.1036
-1.3306
-2.1149
-1.6506
-0.85366
-0.64164
0.45657
0.67711
-0.46545
-0.60042
2.7089
0.54343
3.2044
-0.55161
3.6709
-1.746
0.5314
-1.2789
2.5779
-2.4396
-2.106
-2.1635
1.7147
-0.57674
1.9414
-0.85041
1.1665
-0.1533
-0.14704
-1.4361
-3.5058
-2.0012
4.0676
-2.7044
2.0297
-0.40246
-0.83096
-0.88763
4.0676
0.5535
0.29713
0.069003
4.5842
-1.5628
0.63282
-3.0967
1.1841
-1.8407
-0.46133
-0.45072
0.037363
-1.2373
-0.51471
-1.3992
-1.2517
-1.0237
0.78916
-0.29811
2.8046
-0.73668
2.5779
-1.3097
1.04
-2.7711
0.64718
0.24819
-1.3809
-1.3633
-1.2915
-1.8922
-0.62452
-1.3829
4.0676
-1.7364
-2.2047
-0.90434
-2.0159
-1.5268
-0.057225
-2.3622
-0.14309
-0.22139
1.8236
-1.4373
-1.4531
-0.67221
-0.63052
-0.1915
-0.087316
-1.7664
1.894
-2.0577
-1.9075
-1.6552
0.037363
-2.2358
2.8046
-1.7229
2.0916
-0.011971
-0.046799
-1.04
0.79983
-2.2764
0.70039
-0.32882
3.3732
-2.6545
2.7572
-2.5375
-0.10069
-1.2723
0.97102
-0.71897
-0.30575
-1.0972
-1.0443
-0.0089029
0.26737
-0.28641
0.73431
-0.073152
1.0498
-1.3736
-0.30575
1.4993
0.42329
-2.9659
0.066717
0.0082613
-0.47307
0.0014601
-0.85366
0.69817
3.2044
-2.6029
1.356
-1.3184
0.78042
-0.91943
-2.1174
-2.4441
1.7147
-1.6405
1.3627
-2.5214
1.1851
-1.3362
1.7925
-0.98268
-1.0102
-1.1235
-0.9471
-0.16301
-1.4531
-1.3289
0.86927
-0.35547
-0.74173
-1.4679
-1.1354
-0.2233
0.18053
0.28845
-1.1008
-0.67819
-0.14704
-1.5001
-1.3043
-0.62732
0.29713
-0.76802
2.2203
-1.6377
0.96045
-0.39378
-1.1711
-1.7516
-0.28246
-1.4723
-0.15289
-0.77555
-1.7832
-0.72657
0.64718
-0.35641
-0.82467
-0.50653
-0.14704
-0.53705
-0.40663
-1.0151
0.45657
-0.50766
-1.2517
-1.9399
-0.19034
0.57316
1.0367
-1.5018
2.0297
0.92842
0.24173
-1.027
-0.35342
-2.7304
-0.46545
-2.2101
4.0676
-1.3183
1.3054
-1.3784
0.12836
-1.1103
2.5779
-1.0029
-0.41723
-0.95464
-2.1149
-0.71245
2.856
-0.57314
4.2582
0.48625
-0.26913
0.19144
-0.82467
-1.7445
-2.3343
-1.8507
2.1616
-0.26802
4.0676
-0.2192
3.6709
-0.16863
-0.79649
-3.4635
0.97381
-1.6182
2.8046
-1.0499
-0.74152
-2.2858
-0.87327
-1.5034
2.5779
-3.5936
0.25732
-0.25996
1.8236
-1.5404
-0.61225
0.048321
-1.8556
-2.1344
-0.54641
-1.0318
0.67867
0.53083
1.6449
-0.045985
-0.14704
-0.72857
-1.8721
-1.2466
0.96045
0.46895
-0.18453
-1.2144
2.5779
-1.3707
-1.7291
-0.91116
0.27934
-1.9072
-0.46545
-1.8227
-0.54641
0.56046
2.8233
-2.5491
0.64718
-1.2334
1.04
-1.467
2.5779
-0.70614
-0.38071
0.12326
-1.1587
1.6212
2.5779
-0.71964
-0.49637
-0.094598
-0.76265
-1.6209
-0.14704
1.2227
-0.47796
-1.2261
1.9601
-2.3642
0.36069
-1.1309
-2.5023
-0.31866
-2.2441
-1.5031
-1.6653
-0.94082
0.54056
-1.2344
0.092885
-0.71737
0.67867
-0.99784
4.0676
-2.8715
-0.60883
-2.1163
4.0676
-2.9579
0.45657
-1.1593
0.96045
-1.6848
0.45657
-0.37161
-1.6187
-1.3793
3.8856
-1.428
0.189
-1.2902
-1.9414
0.10106
-1.8647
1.1576
2.7685
-0.96083
-0.47307
-0.074259
