-0.67469
-2.7133
3.8252
-1.461
-0.46286
-1.6401
0.37968
-2.3475
3.2363
-1.854
0.18023
-0.30922
-1.6732
-1.2481
1.8755
0.15202
2.0481
-2.3627
0.27981
-0.077328
4.2379
-2.5347
1.8755
-1.8038
-1.1972
-2.0277
2.0789
-0.8002
-1.8111
-0.060209
-0.86163
-1.3051
2.4578
-2.6445
4.2379
-0.8677
0.7605
-1.5057
0.93
-0.52379
-0.91949
-0.38184
-1.0574
-0.91307
-1.1519
-0.95276
-0.36348
-2.8136
0.56107
0.40018
2.128
-0.86249
-0.016127
-0.80911
1.2348
-0.45286
1.6992
0.40471
-0.72396
-1.0992
-0.60936
-0.45841
0.13924
-0.98683
4.0714
-0.51821
-2.7345
-0.49393
2.5624
-1.0461
1.9966
-2.2455
-0.84346
-2.0646
2.6537
-2.465
-0.016127
-0.66233
0.71034
-1.0302
-0.10271
-0.3118
2.9244
-1.3956
0.37159
-1.0173
-0.39341
-1.4519
-2.3622
0.98262
0.1258
-0.75652
2.742
-0.97858
1.1966
-0.99987
-1.1972
-2.2825
-0.085086
-1.1469
0.47378
-0.66607
-1.0424
-0.26337
1.2348
-2.7444
-2.0388
-2.0333
1.1631
-0.64298
-0.5834
-2.7558
1.0051
-1.0435
0.75168
-1.8455
0.37968
-1.7429
-1.7116
-1.2613
0.33617
-1.3533
-0.2045
-2.0962
0.4682
-1.1897
-0.18496
-0.64946
1.8755
-1.1732
-0.6636
-0.22817
-1.6266
-1.739
-0.016127
-1.2177
2.131
-0.061705
1.2348
-1.8359
0.7605
-1.7485
-0.28303
-0.86082
0.37159
0.028211
-0.10271
-0.91386
-0.72266
-0.99132
-1.1995
-1.4425
-1.0294
-1.6941
1.0654
-2.0391
1.1007
0.1726
-0.2996
-0.64587
-0.016127
-0.74686
-1.0482
-0.98072
0.9511
-0.71274
0.9511
-2.8177
4.3951
-1.2772
1.7181
0.098078
4.0995
-1.3628
2.2227
-2.1404
2.2227
-1.1998
-0.20716
-0.28231
3.5319
-2.0765
1.4674
-0.36872
0.9511
-1.7223
-0.80443
-0.0889
-0.58038
-0.5082
-1.8579
-2.202
1.0654
-2.4324
-1.4282
-1.2765
0.20223
-1.2838
1.7724
-1.1906
1.2348
-0.77208
-0.48408
-1.6794
0.7605
-0.034192
-0.46656
-0.061486
1.1631
-0.60154
-0.28869
-0.80042
3.2768
-1.1902
2.4677
-0.41064
-1.032
-0.47355
-0.50242
0.34554
-1.143
-1.2282
-0.51762
1.1324
0.005641
-0.28425
-1.0793
-1.5115
0.28318
-2.362
1.3872
-1.4048
-0.80443
-1.1312
-0.46062
-2.2057
0.21035
-1.5082
-2.0062
0.56794
2.4631
-0.18755
-0.63954
-1.5905
-0.58549
-1.2999
-1.4317
-0.13185
2.4902
-0.87702
2.7714
-0.72938
4.2379
-1.9964
-0.016127
-3.4559
0.28318
-2.2279
0.47378
-0.60542
-0.90264
0.39917
0.34244
-0.45933
3.2186
-2.2446
0.7605
-0.43134
-0.10271
0.78537
2.1826
-0.85375
3.8252
-1.7339
-0.10271
-1.9629
1.9838
-1.1775
-1.2362
-0.72554
1.4254
0.064825
2.2985
-0.59353
4.2901
-1.3575
-0.28455
-0.68041
0.68938
-2.2304
3.6346
-0.36449
1.8755
-1.3668
-1.4887
-2.5257
1.7047
-2.3285
1.3595
-2.3858
2.7714
-1.3819
-0.51762
0.18251
1.0654
-2.1455
-1.7306
-1.0586
-0.18496
-1.9072
-0.086077
0.41024
-1.4887
-2.6357
2.0561
-0.93612
2.9756
-0.038112
0.029829
0.16919
-0.45226
-1.1099
0.81662
-2.6117
-1.0579
-0.93532
0.13924
-1.7483
-0.24905
-1.6201
-0.75346
1.0256
-0.67469
-0.38803
0.37968
-0.59526
-0.28869
0.23826
3.4442
-0.80468
1.4254
-1.17
-1.0965
-1.2036
1.0654
-2.227
1.3465
-2.2348
-0.67469
-1.1033
2.128
-0.19072
0.2742
-0.62267
0.7605
-0.58368
0.37159
-1.2622
-0.28869
-0.10809
-1.0564
-2.1941
-1.7649
-0.87758
-1.8713
-2.0593
-0.58549
-1.7628
1.3194
-0.80188
-1.233
-2.6041
4.3951
0.0089877
-0.94382
-1.4164
-0.85925
-1.3206
0.56107
-2.9738
0.47378
-1.0921
-1.6016
-2.0642
0.56107
-1.3753
4.0995
0.70067
0.17448
0.36295
0.078842
-0.74933
2.0561
-1.0199
-1.4317
-2.7645
4.2379
-1.5931
-0.046578
-2.5888
3.6346
-1.799
-0.20172
-0.44593
0.078842
-0.23101
2.1826
0.0074793
0.9511
-2.7919
-1.6579
-0.4784
4.2379
-1.3233
-0.075937
0.16656
-1.7308
0.24536
1.5015
-0.38913
-1.0962
0.48735
-0.20312
-0.16074
-0.94792
-2.664
-0.92801
-3.4921
-1.7073
-2.5347
-0.67469
-0.73704
-0.67695
0.72792
-0.51762
-1.5639
1.6992
0.17152
2.0661
-0.76614
2.3732
-1.9831
-1.0117
-0.47649
-0.40746
-0.8108
0.28318
-0.94325
-0.60346
-0.61683
-1.3874
-2.2142
-0.48408
-2.5946
1.9838
-2.1866
-0.50921
-1.6526
-0.60936
0.16488
1.2897
-0.79482
-0.012499
-2.2208
-0.016127
0.50276
0.20223
-2.1045
-0.50132
-0.37961
4.0995
-0.12318
-0.9017
-1.9728
0.10783
-0.52735
1.2348
-0.95006
1.9087
-1.4214
0.20223
-0.97437
0.75168
0.11456
-0.80443
-0.45168
1.7932
-0.2817
0.7605
-1.0975
0.56107
-0.74469
-0.28869
-1.6216
-2.2949
-1.8174
0.63696
-1.9748
1.4254
-1.1108
-0.60162
-1.8974
0.21077
-0.53547
0.45608
-1.7205
1.8755
-0.46682
-0.80443
-1.6644
0.01974
-0.037566
1.5999
-2.4331
0.67591
-2.9311
0.078842
-1.3306
-0.80443
-0.33648
-0.58002
-1.4458
-1.233
-0.73997
0.26945
-1.9511
1.8755
-1.4978
1.8755
-1.0921
2.7714
-0.45131
-0.94857
-1.713
3.2186
-1.8098
-0.87933
-0.39128
0.7605
-0.57134
-0.87933
-0.017405
0.20223
-0.63048
-1.5379
-1.3364
4.3951
-1.7041
3.3887
-3.0845
-0.14071
-1.4938
3.4092
-0.89445
-1.143
0.45557
3.6346
-0.33784
0.2486
-1.2515
2.4631
-2.4891
-0.75346
-3.9035
1.0654
-1.0371
0.27771
-0.039419
1.0654
-1.3636
-1.549
-0.44999
-0.2313
-2.2294
2.1826
-1.2839
1.2348
-0.92619
1.3595
-2.2068
3.2283
-1.185
0.21077
-1.8183
1.1929
-2.1337
0.27204
-0.55409
4.2901
-0.1121
-1.0579
-0.73096
3.2768
-1.7815
2.2227
-1.6151
3.7758
-1.4514
4.0995
-1.6685
-0.10214
-1.6702
-0.58549
-1.8345
0.28318
-0.82176
-1.4723
-0.31406
0.37133
-1.4758
1.2348
-1.3878
1.072
-0.38495
3.2186
-1.3955
4.5857
-2.699
-1.1055
-0.68688
4.5857
-1.6241
-1.0856
-2.7347
0.42396
-1.4356
3.6346
-0.95526
0.56107
-1.488
1.0654
-1.9498
1.8609
-0.35027
1.5526
-0.18658
0.9511
-0.95276
0.42476
0.06137
1.8978
-1.4275
2.4136
-0.30464
2.1872
-0.82041
4.2379
-2.3508
2.7714
-0.60226
-0.27001
-1.623
-1.1519
-1.222
2.4133
-0.997
-0.8758
-0.13417
-0.9017
-0.25235
-0.86163
-0.20643
0.9511
-0.020914
-1.0294
-1.5366
3.4674
-0.95882
1.1334
-1.1435
-0.61175
-1.3524
-1.2881
-2.3189
0.28318
-2.133
-0.79407
-2.4356
-0.67469
-1.731
0.28318
-1.6795
-0.33401
-1.539
1.8755
-0.20564
0.85489
-0.62872
-0.266
-1.68
0.34558
-1.9716
-0.10271
-0.83418
0.01974
-2.9098
0.005641
-1.9339
-2.7345
-0.32733
-0.94792
-1.5054
0.7605
-2.0637
2.0661
-1.6992
1.0251
-0.54002
-0.20858
-0.77506
-0.016127
-0.67666
0.46832
-2.7204
-0.31071
-1.4465
0.01974
-0.48793
-0.93856
-2.2253
1.6075
-0.62267
-1.0975
-0.33643
0.27771
-0.9575
0.029829
0.68567
0.7605
-1.24
-0.36425
-0.77069
-1.0294
-1.6495
-0.8996
-0.49528
-1.143
-2.255
-0.46682
-1.57
0.27771
-0.97485
-0.33364
0.028337
4.0995
-0.81572
-0.2045
-0.33859
-1.2721
-1.1069
4.2379
-1.3857
-1.0965
0.08894
-0.80739
-2.1851
-0.80443
-0.8979
1.8755
-1.1219
-1.4693
-0.65947
1.1966
-1.6105
-0.46486
-0.31431
1.8755
-1.1727
1.0123
0.61008
1.2008
-2.1337
-0.19474
-0.23587
2.1214
-1.6656
3.6346
-0.45227
1.0123
-0.48142
1.1966
-1.1005
2.7714
-0.87567
-0.75538
-0.26839
0.93835
-1.3588
-0.040848
-1.9415
0.7605
-0.47833
-0.54914
-1.6902
-1.3155
-2.0992
-0.87933
-1.992
0.28318
-0.64921
-0.91949
-0.013775
2.131
-2.2569
-1.9597
0.21957
-0.20649
-0.17945
2.4133
-1.7908
-0.68429
-0.76194
1.5427
0.45534
0.7605
-0.079696
2.4578
-0.60239
-1.6573
0.087376
0.99433
-2.149
-1.1995
-0.76024
1.5526
-1.553
1.7932
-0.53241
0.37968
-0.19298
4.2379
0.558
-0.80443
-1.4971
-0.18496
-0.7643
1.0123
-1.0893
-1.6167
-0.10809
-2.0062
-2.5855
0.25259
-1.5008
0.58271
-1.1231
-0.18496
-0.92864
-0.80443
-1.9547
-1.5183
-0.94461
-1.0965
-0.55034
4.0995
-1.8992
-0.84412
-2.5068
3.2933
-1.354
-0.67469
-0.96413
3.6346
0.059784
-0.046578
-2.746
1.402
-0.41184
-0.395
0.1726
0.9511
-2.0696
2.1826
-0.76081
-0.064806
0.15031
-2.7582
-1.9061
-0.10271
-0.34219
1.0654
-2.6348
-1.8713
-1.9241
1.3892
-0.89305
1.8755
0.22343
2.4578
-1.3819
2.0661
-2.508
-0.016127
-0.17307
-0.27188
-1.0699
1.8978
-1.9903
-0.36348
-0.54072
-0.75797
-2.0728
0.49972
-0.53613
2.4902
-1.2446
-1.0294
-0.96121
-0.35008
0.13942
4.0995
-0.056661
1.288
-1.0162
-1.143
-0.98163
-0.45226
-0.43836
3.2363
-1.3566
0.28318
-1.7205
-0.33364
-0.71174
2.0675
-0.45503
1.1966
-2.426
2.3651
-0.62973
3.8252
-0.624
-0.58002
-1.9596
-0.87933
-0.9745
-0.92801
-1.5972
0.24267
-2.3512
1.8769
-0.97123
-0.9653
-1.6375
-0.52424
-2.1085
3.2363
-3.1478
-0.61188
-4.2289
-3.1923
-2.3387
-1.0564
-1.0638
3.6346
-0.62138
1.0654
-3.4019
-1.0228
-0.91883
1.0654
-1.4546
1.7181
-0.70376
-0.80443
-0.20957
0.37159
-0.35446
-1.073
-0.7985
0.7605
-0.81812
-1.0482
-1.0828
-1.5828
-2.6887
0.27981
-1.7538
2.0789
-1.4298
2.9756
-0.73704
0.37159
0.38177
1.1966
-0.39879
1.2648
-1.5082
-0.9017
-0.63173
-0.52424
-2.3189
4.3951
-1.8193
-0.39625
-0.55593
0.93
-1.1312
0.3902
-0.21885
1.3194
-0.15671
-0.58002
-0.37848
-0.79407
-1.8128
-0.61383
-1.0071
1.8961
-0.9712
-0.96657
-1.9061
2.2227
-1.8021
-0.87933
-1.7442
2.2985
0.28788
2.8229
-2.2887
2.1826
-1.68
-1.563
-2.492
-1.1061
-1.9011
3.6346
-0.59537
3.2363
-0.094423
1.7047
-1.4544
-1.8638
-2.2746
3.4551
-1.0991
0.71034
-1.0426
0.37968
-1.1895
1.6992
-0.013584
0.9511
0.21516
-0.6852
-0.26844
3.6346
-1.2462
-0.064806
-0.8961
0.7605
-0.40103
0.81662
-1.7545
0.77812
-1.6529
1.7724
-0.73315
1.9001
-0.73663
-1.2362
-1.0086
-0.2045
-0.71241
2.9632
-0.88233
3.2283
-0.17503
-1.6676
-2.505
-0.28869
0.5764
0.9511
0.21252
3.6346
-1.3951
0.7605
-1.826
3.4189
0.61008
3.2363
-2.2778
0.7605
-1.4117
0.7605
-0.60591
0.34558
-0.80433
0.10783
-0.45349
-1.3361
-1.6571
-1.0294
-0.40926
3.8252
-0.77552
0.76283
-1.6251
-1.0294
-0.6111
-0.67695
-2.3463
1.5999
0.34207
0.7605
-1.4164
3.6346
-1.4267
2.5218
-0.85812
-1.1251
-0.32234
0.029829
-2.4292
-1.8713
-1.2611
2.1826
-3.0472
-2.1962
-2.418
0.28318
-3.3048
-0.28869
-2.6504
2.5679
-1.9971
-1.1559
-2.3603
-0.58002
-1.1757
-0.33401
-2.1941
-0.84412
-2.28
2.4631
-0.60585
-1.233
-1.6278
4.2901
0.50163
3.3747
-1.2417
-0.98006
-1.1277
0.7605
-0.0013547
-2.3284
-2.0466
0.9511
-1.6207
0.25132
-1.2258
1.2348
-2.7959
4.1565
-0.8807
0.7605
-2.0016
0.7605
-0.45905
-1.143
-1.6889
0.005641
-1.13
-0.9558
-2.0615
-3.7037
-1.7363
3.2363
-1.1396
0.92127
-1.641
1.2348
-0.8668
2.9126
-0.53241
-2.3284
-0.3492
3.6132
-0.83122
1.7181
-2.1275
0.9511
-1.604
-0.33628
-1.6829
3.6346
-0.17677
4.3951
-1.5353
-2.3284
-1.0471
-1.6732
-2.5551
-1.437
-2.4741
1.0002
-1.3922
-0.064806
0.70146
2.7714
-0.33661
-0.9017
-0.29163
-0.58549
0.14928
-0.27445
-1.7114
0.49937
-1.6078
-0.0035446
-1.8435
-0.36999
-1.4834
-0.016127
-1.5731
3.6346
-0.27138
0.27771
-4.368
-0.67469
-1.0945
-1.2804
-1.2667
-0.94792
-0.87884
-0.10271
-2.4971
3.2645
-0.025725
-1.3539
-0.83152
4.0995
-0.62602
-0.098089
-0.63622
-0.9017
-2.8861
1.4254
-1.9191
1.0654
-1.6109
0.80709
-1.1092
-0.93856
-1.3062
4.2379
-0.95089
-0.11686
-2.0047
0.50369
-0.88187
-1.9597
-0.32512
0.7605
-0.91126
-1.4954
0.24479
-0.75538
-1.7095
1.8575
-1.7232
0.9511
-0.34656
-0.80443
-0.5742
-0.94857
-0.57585
