3.8664
-3.4775
0.41579
-2.7492
-2.1008
-0.54252
-0.35711
-1.6087
-1.3989
-1.6209
3.5701
-0.93519
0.10895
-2.2683
3.8664
-1.1868
-0.33212
-1.7464
-1.206
-0.59193
3.5701
-0.83509
1.4212
-1.371
-2.5181
-1.3787
0.85321
-0.46893
-1.1574
-0.4976
-0.45943
-1.7533
-0.52273
-1.725
-1.2011
-0.55204
-2.0396
-1.2069
-0.45634
-1.0151
2.2087
-1.8442
-0.62766
-1.2138
1.3455
-2.6876
1.8996
-3.0852
0.6182
-2.6177
-1.8974
-1.7766
-2.0396
-0.11
2.7843
-1.4568
-0.9781
-0.78058
0.034893
-1.2022
-0.078687
-0.40485
-2.0396
-1.7929
0.31284
-0.62896
-1.1956
-1.5643
3.8664
-1.1446
-2.0396
-2.0114
-1.9095
0.17592
1.8918
-1.8577
0.29416
-2.1285
-0.15602
-1.5409
-2.4067
-0.2778
-1.2067
-1.2793
1.715
-1.6206
-0.15068
-1.3858
-0.030703
-0.61787
3.2976
-0.021753
-0.36538
-1.7223
-0.030703
-2.3293
-1.2203
-1.0273
-1.7534
-1.2179
-1.0154
-0.94389
0.12474
-1.9552
-0.069526
-1.5374
-2.0283
-0.66794
0.63138
-0.72083
-1.2203
-3.4136
-2.0396
-1.5144
0.084398
-2.1975
-0.069526
-2.1358
-1.6043
-1.1893
-0.35711
-0.80356
-0.38447
-1.0101
-0.17308
-0.75699
-0.64709
-1.6564
-1.2832
-3.1721
-1.9975
-1.8228
-0.57506
-0.82405
-0.57506
-1.9691
-0.86761
-1.0111
-1.8201
-0.19633
-0.069526
-0.037689
-0.015092
-0.60347
-0.23183
-1.9069
-2.9028
-0.58196
-0.026919
-2.2195
-0.92907
-1.8183
-0.91907
0.51202
0.33028
-0.66264
-0.17854
-1.0496
-0.44801
-0.34454
0.2415
-1.1035
-0.63802
-0.72227
-1.3768
-1.688
-0.78918
-2.3406
0.21188
-0.28677
-1.4145
-1.0534
-0.57506
-0.86451
-0.1149
-2.5132
-0.030703
-0.80659
-1.5547
-1.2644
3.0031
-1.9997
-2.3097
-1.3124
1.5326
-1.4949
-0.80382
0.19513
2.7688
0.59034
-0.22243
-2.3734
-0.33244
-1.4475
-1.4383
-1.0103
-1.2203
-0.72995
3.7607
-1.63
3.8664
-0.81972
0.1599
-2.3203
-0.15068
-0.93316
-0.81874
-1.7409
-1.5674
-1.3633
-1.094
-2.6853
-0.49816
-1.4074
-1.1945
-0.63036
3.8664
-1.6361
-0.81874
-1.162
-0.27981
-0.56713
-0.89391
-1.6011
-0.61321
-0.17493
0.33028
-2.5773
-1.9427
-0.72178
-0.86272
-2.8685
-0.1149
-0.85311
-0.49636
-2.874
2.4324
-0.059676
-0.89391
-0.97635
0.10229
-0.58201
3.0031
-1.0175
-2.0189
-0.99335
-1.5547
-0.56065
-0.57506
0.2333
-1.3989
-1.3626
-0.35711
-0.4066
-0.1149
-0.62149
0.99382
-0.74971
1.5187
-0.24692
3.5701
0.46066
0.47091
-1.4296
3.8664
-1.1187
2.7628
-2.524
-1.3859
-1.8838
-0.90539
-2.1865
0.075703
-1.328
-0.9781
-0.85994
3.4526
-0.74261
-0.23183
-0.31904
-1.1752
-0.90607
-0.33456
-0.68453
0.71043
-0.3319
2.2087
-0.97714
1.8996
-3.4295
-0.030703
-1.401
-1.1297
-0.5854
-0.53429
-2.2882
-1.515
-2.291
-1.7686
-1.3846
-1.7686
-1.6914
-1.4129
-1.2161
-0.33211
-2.0223
-0.93273
-1.3221
-1.1297
-1.202
0.12224
-0.86198
-0.72041
-1.9934
-0.081655
-1.2645
0.63138
-1.1102
-0.59561
-1.1933
1.4212
-2.0042
-0.86293
-1.7795
-2.0283
-1.6152
0.20351
-1.4315
-1.1232
-2.2824
-1.206
-1.1181
-0.069526
-2.3326
-0.15068
0.14175
-0.33244
-0.47255
3.5701
-0.67424
-1.0154
-1.3924
-2.4656
-0.80377
-2.0396
-2.3375
-0.35711
-1.9782
-0.081655
-0.40937
-0.15068
-1.2379
-1.0614
-0.74717
0.33028
-2.3659
-1.4383
-2.1647
-0.33244
-0.78308
-0.35711
-0.91074
-1.4273
-1.7259
-2.3989
-0.35075
1.1151
-1.1462
-2.3027
-0.21408
-0.030703
-1.7127
0.66934
-1.9231
3.3801
-0.99218
-0.9354
-1.6415
-0.14618
-1.447
0.075703
-0.1391
-0.78446
-1.329
0.12963
-3.9836
-0.57382
-1.2005
1.9206
-2.0323
-0.030703
-1.2785
3.8664
-0.32856
0.63138
-1.261
0.31155
-1.3181
-0.62766
-1.5366
-1.1557
-1.3704
0.1599
0.53116
-0.49636
-1.4365
-0.19793
-1.8767
-2.275
-1.4442
-1.1956
-1.825
3.5701
-1.3306
0.47121
-2.1743
-1.5836
0.13278
3.0031
-0.7316
-0.52273
-1.3728
-1.7796
-1.5332
-3.0897
-0.092857
-1.9929
-1.7762
-1.7686
-0.36388
0.35137
-0.44334
0.31152
-0.6472
-0.93273
-1.2084
-0.9781
-0.49373
0.82198
-1.7011
2.7688
-1.2692
-0.11143
-1.6468
-0.517
-1.697
-0.57382
-0.62347
2.2574
-0.60196
-1.9572
-2.3845
0.77916
-0.87543
-0.76462
-0.87136
-0.97449
-1.7547
-2.0396
-1.6093
1.0241
-1.4484
-2.0396
-0.97114
0.35137
-0.52954
-2.0643
-1.1357
-0.90539
-2.5586
0.77717
-0.6859
-2.0396
-0.70703
-0.069526
-1.7472
-1.7377
-1.7082
-1.849
-1.594
-1.9809
-1.5592
-1.8662
-1.1632
-0.82275
-1.1029
-0.030703
-0.54548
-0.54968
-2.0392
-0.064831
-0.89955
-0.49636
-1.0041
-0.89391
-1.1988
0.4321
-1.0947
-0.38446
-1.0743
0.51982
-1.3447
-0.57382
-1.1591
-0.90584
-4.0019
-1.3502
-0.47119
-0.72041
-0.28485
-0.65178
-1.8559
-1.6627
-1.4833
3.7607
-2.494
-0.31065
-1.9824
-0.31065
-0.087282
-1.5868
-1.8514
3.8664
-2.7252
0.51151
-1.2321
0.63138
-0.053512
3.262
-0.71762
1.715
-0.97724
2.5782
-0.64881
3.8664
0.095961
-2.068
-1.1138
-0.030703
-0.80073
1.1224
-1.7145
-1.1956
-0.11876
-0.93273
-1.3824
0.33028
-2.1279
-0.2448
-2.5964
2.6712
0.0054288
-0.98162
-0.019676
-1.206
-0.54237
0.33028
-1.1112
3.4526
0.12319
0.3209
-1.4053
0.0077577
-2.9402
-2.0396
-0.94511
0.84056
-0.61311
-0.84459
-1.0766
-0.55582
-0.66756
0.8981
-1.6935
2.7504
-1.4911
-0.57506
-1.2337
-0.89391
-1.6663
2.8069
-1.728
-0.53574
-1.8715
-3.3288
-3.7382
-2.0396
-0.9098
-0.93911
-1.9919
-1.3893
-0.33236
0.33028
-1.1799
-0.44801
-0.12401
0.21188
-2.5552
1.7012
-1.4371
0.6182
-0.64301
-2.1223
-0.95775
-0.1217
-0.78747
-0.93273
0.0040384
0.1599
-1.7748
3.5701
1.231
-2.0097
-0.97006
-0.57506
-1.0663
3.7607
-2.4125
-0.069526
-2.9206
-2.1982
-1.2778
-1.368
-2.6506
-1.2809
-4.064
-0.17675
-0.5017
-0.98261
-2.8617
-1.8358
-1.8842
-0.52981
-1.748
-0.33244
-3.6485
0.45175
-2.7093
1.715
-1.3327
-0.081655
-2.537
-1.1956
-1.5906
-0.93911
-2.2755
-0.1149
0.082185
-1.3702
0.07775
-0.14183
-0.97546
-0.66525
-0.92191
-0.38446
-1.3892
3.262
-0.96369
-0.030703
-0.61197
-1.5226
-2.2608
-1.3768
-1.7337
-0.059832
-0.37881
-0.81593
-1.264
-1.1574
-2.6049
-1.2239
-1.8319
-2.0396
-0.91183
-0.15068
-0.84545
-0.57506
-0.40523
1.4212
-0.97059
-0.15068
0.0071618
-0.40876
-0.34132
0.2415
-0.10029
-2.9028
-1.8271
0.63138
-1.7626
2.8069
-1.4617
-1.7261
-1.2219
-1.3254
-1.4745
0.075703
-0.9387
0.69039
-2.4432
-1.7157
0.00078619
0.47121
-0.029039
0.54197
-1.5583
-2.0778
-0.6133
-0.63697
-0.4566
-0.98391
-0.86277
0.31152
-1.7282
-1.0926
-2.3612
-0.030703
-1.4967
-0.10058
-2.2986
3.346
-0.41303
-1.2239
-2.7209
-0.030703
-0.52332
3.8664
-0.01573
0.23554
-3.7101
-1.3806
-1.5308
0.20351
-1.6973
-2.0396
-0.98234
-0.059832
-1.9445
0.12307
-2.6462
0.63138
-2.2921
-1.3963
0.25217
-0.57506
-0.52021
-0.51483
-0.83143
-2.0692
-1.2428
0.23554
-1.8147
-1.4655
-1.93
-0.57506
0.011242
-0.081655
0.18
-0.34755
-2.1078
-0.23183
-1.0341
-0.069526
-1.8619
0.12108
-2.0801
-0.1217
-1.1547
-2.0692
-1.5776
-1.206
-2.7766
-1.5049
-0.97348
-0.95522
-2.3792
-1.4289
-1.361
1.2036
-2.7184
-0.059832
-1.3873
-0.93273
-3.2184
-0.89012
-2.1931
2.7504
-1.8183
-2.0396
-1.2148
3.107
-0.62588
-0.72041
-0.83266
-1.0139
-1.8736
-1.9572
-2.5865
3.5701
-1.1593
-0.78335
-0.30147
-0.52273
-1.6482
-1.843
-1.8809
-1.0206
-2.5617
-2.275
-3.1455
-0.33244
-0.99126
-0.15602
-0.35045
-0.037593
-0.83859
0.0077577
-1.2386
1.2716
0.089709
-1.6163
-1.1471
3.0031
-1.6914
0.63138
-2.2595
0.65766
-1.6594
-0.27981
-1.9158
-0.72041
-1.3332
-0.52273
-2.4511
2.5782
-0.89359
-2.5074
-0.58248
-2.1441
0.1037
-1.0139
-1.8667
3.4526
-1.3432
0.82882
-1.6765
0.6182
-1.2439
-1.1282
-0.85278
-0.25076
-1.9971
3.8664
-0.32711
-1.4059
-1.8254
-1.7108
-2.164
-0.87746
-1.0873
1.2085
-1.4189
-1.1651
-2.1142
-2.92
-2.2189
3.3801
-1.5816
1.8996
-1.6182
0.1599
-3.098
-1.1297
0.0057369
-0.069526
-1.6183
-0.7581
-1.7811
-0.53292
-0.60561
0.22519
-1.0842
-0.069526
-1.4085
-1.3492
0.053332
-0.33244
-0.64267
-1.0533
-0.52355
0.42614
-0.3661
3.346
-0.35902
0.46558
-1.6649
0.12224
-1.4627
-2.1464
-1.8283
-1.2239
-1.7941
0.23554
-2.7008
-2.0396
-0.65544
-1.2764
-1.1708
0.12224
-0.56943
-0.54968
-1.2004
-0.35711
-0.60044
0.23554
-2.7954
-0.030703
-0.40527
2.7069
-1.635
0.23554
-1.8397
-0.52981
-1.5914
-0.32422
-0.4937
-1.206
-0.45811
-0.392
-2.2975
1.5187
-2.1391
-0.65969
-2.5853
-2.9028
-1.1685
-0.93273
-1.5574
0.30285
-0.81568
-0.57506
-0.93531
-1.6759
-1.1669
0.0077577
-0.97854
-0.51183
-1.7574
-0.62766
-1.949
-1.3859
-0.41297
-0.44764
-2.9612
-0.57506
-0.88614
-0.030703
-2.8406
-0.33244
-0.90898
0.47121
-1.7771
-0.27391
-1.5917
-0.1149
-0.43906
-0.93273
0.39378
-0.069526
-3.2293
-0.52273
-1.364
-1.7686
-0.1519
-0.36406
-1.528
-0.28511
-2.1923
4.057
-1.5856
-0.75625
-1.3087
-0.23183
-0.76235
-2.0396
-0.4578
-1.0139
-0.83263
3.8664
0.42536
-0.33244
-0.93262
-0.93428
-1.0411
-1.4661
-0.98945
-0.83507
-1.4743
-1.4643
-1.0574
-0.92303
-0.64527
-1.7801
-1.473
-1.1297
-2.097
-0.71479
-1.0529
-0.030703
-2.1387
0.35137
-0.87971
-1.7283
-1.4631
-2.7658
-3.0824
0.23554
-1.7321
-0.069526
-1.247
-0.030703
-1.9293
-2.9272
-1.6774
0.42614
-1.0395
-0.10621
-1.1925
-1.4383
-0.90593
-0.34338
-0.79214
-0.030703
-1.6051
0.28581
-1.6164
-1.3492
-1.7672
-1.5421
-0.62411
-0.85544
-0.5289
0.1599
-0.70768
-0.26338
-0.21548
2.0668
-1.9376
-0.19641
-0.99349
-1.7108
-2.6782
0.23554
-0.2806
3.346
-0.50719
-0.38446
-2.4434
0.63138
-0.56266
-1.1483
-1.0278
0.20739
1.0413
-0.75625
-2.0186
-0.069526
-1.0519
1.9437
-2.2764
-0.059832
-1.388
-1.1348
-2.5884
-1.1722
-0.99612
3.8664
-0.88813
0.12108
-0.27905
-0.89391
-2.2604
0.6182
-1.9044
-0.081655
-1.6937
-1.7377
0.011115
3.107
-0.7073
-0.68767
-1.0213
3.262
-1.5609
-0.12005
-0.84395
-0.97979
-2.3644
0.23554
-1.4964
0.1599
-0.30029
-0.89391
0.075617
-1.206
-0.27261
0.33028
-2.1225
2.7504
-1.7203
-0.030703
-2.4463
-0.57506
-1.8228
-0.33244
-4.0483
-0.059832
-2.3389
-0.52273
-0.41612
0.33028
-2.8032
-0.1217
-2.811
-0.15068
-2.0117
-0.97979
-1.9097
2.4828
-0.70256
-0.90539
-0.012334
1.0524
-1.3083
0.23554
-1.2577
-1.2011
-1.2844
-0.71479
-1.2353
-2.0692
-2.0078
-2.4306
-2.1783
0.41072
-0.87816
-0.72041
-0.87977
-0.52981
-1.1677
2.7628
-2.711
-0.15068
-1.2913
0.51982
-1.6286
-0.1149
-2.2169
3.262
-1.3432
-0.36355
0.14064
-0.33212
-1.6395
-0.63802
-2.6997
-0.74096
-1.8458
-2.153
-1.3933
0.12224
-1.8078
0.63138
-0.82444
-1.1956
-2.4738
0.28595
-2.8346
1.2149
-0.88135
-0.568
0.13757
-1.4907
-1.6616
-0.98391
-1.7414
-0.36355
-1.9177
-0.95522
-0.2366
-0.90539
-0.88935
0.60132
-2.4467
-1.0611
-0.19515
-0.57506
-2.8268
-0.030703
-0.71271
-0.74096
-1.4824
0.23554
-2.4522
-0.94486
-0.63962
2.5782
0.45822
-0.52273
-1.916
-1.0154
-1.0597
1.73
-1.4767
-0.35711
-0.55907
-2.9927
-1.3439
0.44222
-0.30984
-1.2433
-2.6727
3.3801
-2.4778
0.0077577
-1.3926
-2.1396
-0.83697
-0.33244
-0.89643
3.3801
-0.5144
-1.3806
-2.6689
-1.7975
-0.020156
-1.206
-1.4233
-0.52981
-3.0453
-0.52273
-1.3885
1.9437
-1.2721
-0.015092
-1.2057
-0.75415
-0.7542
-0.52273
-0.70795
-0.57506
-1.5924
-2.7185
-1.778
-0.54968
-1.8006
0.33028
-0.90933
-2.0283
-3.2661
0.63138
-0.86574
-1.849
-0.063568
-0.57506
-1.5104
-0.33244
-2.5968
-1.7681
-3.3684
0.48476
-0.40699
3.8664
-1.1346
-1.4383
-1.3553
0.51982
-2.2212
2.7069
-0.86094
-0.030703
0.096329
-0.14003
-3.2238
0.59746
-1.4644
-1.206
-1.6271
-1.009
0.20183
3.6801
-1.1628
0.10229
-1.9424
0.28581
-1.115
-0.89019
-1.9073
-0.38322
0.051352
0.89799
-0.48528
1.243
-1.2224
-0.72041
-1.4363
-1.0032
-1.753
-0.38423
-1.5088
-0.1149
-1.7265
-0.86293
-3.1052
0.8088
-2.351
3.8664
-0.75626
-0.23183
-3.3344
-1.9973
0.097432
-1.849
-1.3914
0.039929
-1.2461
-0.40929
-1.0438
3.8664
-1.9196
-1.0614
-2.6675
0.63138
-1.05
2.3988
-0.12361
-1.5947
-0.75673
-0.20417
-1.2174
-0.057803
-0.79381
-1.2165
-1.3904
-0.030703
-1.941
-0.57506
-0.32497
0.20351
-0.90198
-0.15383
-1.8248
-1.1651
-1.601
-0.6012
-1.2496
-1.3254
-1.5293
-0.67753
-0.98903
-0.90539
-0.84453
-1.2203
-0.86529
-0.35907
-1.8544
-0.39109
-0.95316
-0.33244
-1.2318
-2.1065
-1.6988
-1.6923
-1.2925
-0.72041
-1.1361
-2.1396
-1.4555
-0.89019
0.26802
-0.57506
-1.3955
3.8664
-0.63628
-0.030703
-2.7793
-1.6163
-1.9796
3.107
-1.0917
-2.9028
-2.9743
-1.8665
-0.19049
2.2574
-1.9069
-0.93911
-0.9762
0.63138
-4.182
-0.15602
-0.62942
-0.19793
-0.63554
0.39412
-2.3048
0.51982
-1.2918
-1.357
-1.9782
2.3195
-2.4729
-1.4145
0.19335
-0.57506
-1.4391
2.7843
-2.9163
0.47121
-1.6744
2.2418
-0.61077
0.63138
-0.4414
-1.3859
-0.23056
-1.1428
0.24116
-1.667
-1.7221
3.0838
-1.5115
-0.29961
-1.8489
-1.2433
-0.32083
3.346
0.46967
-0.35711
-1.1812
-1.5103
-1.6543
-0.72041
-1.5515
-1.5471
-0.24809
-1.206
-2.0565
-2.9028
-1.7073
0.12108
-0.44407
-1.2847
-2.0081
0.10895
-2.2656
-0.90539
-1.9401
3.262
-0.44375
-0.86549
-2.7265
-1.1774
-1.2764
-2.0692
-1.2208
2.2913
-2.0799
-1.849
-2.2385
-0.72377
-1.4463
-0.62766
-3.1214
0.039929
-2.7235
-0.94486
-1.3486
-0.16651
-1.7088
-0.041332
-0.40483
0.039929
-0.17558
-0.57506
0.036657
-0.93273
-0.73604
-0.030703
-0.93554
-1.4383
-0.96267
0.345
-1.2501
-0.19387
-0.45517
-0.15068
-2.8062
3.8664
-1.0611
-2.0692
-2.5992
3.0818
-0.81021
0.46558
-0.42589
-2.7297
0.074747
3.5701
-2.5429
-0.030703
-0.96212
-1.3859
-0.34433
1.9437
-1.7079
-0.78918
-2.0191
-2.2312
-1.4695
0.46558
-0.43278
-0.1149
-1.0803
-2.0396
-0.67214
-0.57506
0.42849
-3.392
-0.22941
0.12108
-0.55626
3.8664
-0.59963
-0.086031
-0.8275
-1.8246
-1.51
1.4212
-1.2763
-1.0574
-0.25909
-1.206
-0.9862
0.0077577
-1.3498
-0.069526
-2.2794
-0.74096
-0.29774
0.2415
-3.4204
-0.57506
0.089709
-0.62766
-1.8006
-1.4383
-1.6156
1.715
-0.60122
0.12224
-1.7127
-2.5259
-2.2618
-0.76799
-2.9116
1.3116
-0.63303
-0.12005
-2.6485
2.4828
-2.0958
0.1599
-1.0848
-0.57506
-1.2641
-0.63802
-0.15355
-1.1956
-1.8858
-0.95005
-2.0931
0.66261
0.35122
0.86683
-0.81568
-0.76799
-1.1868
-0.56564
-1.3108
-0.6012
-1.4308
-0.49636
-2.3998
1.3652
-1.3046
1.5978
-1.4416
-1.1428
-1.0571
-1.2997
-0.68313
-0.01426
-2.1498
-0.29416
-0.908
0.40686
-1.3892
-2.8059
-0.38721
-2.3122
-2.5732
-1.1739
-1.4379
0.23554
-1.5234
-1.206
-1.9484
1.2788
-0.70851
-0.45248
-1.0665
-1.4145
-0.69618
3.262
-1.6884
-0.069526
-1.3435
0.33028
-0.2563
-1.0098
-3.6826
-2.0692
-1.5386
-2.0692
-1.0287
0.33632
-0.25374
-2.9028
-2.2207
-0.33244
-1.8543
0.82198
-0.094325
