3.4092
-1.5652
4.0938
-0.92061
-0.0019782
0.13587
3.2124
-0.65675
1.8612
-2.7734
3.1398
-0.28725
3.3304
-0.93343
1.7007
0.35431
0.40369
-1.5358
3.6047
0.55471
1.6735
0.36522
3.2822
-1.2453
1.6307
0.79482
1.6886
-1.1652
1.4953
-0.15414
4.0938
-0.10955
-0.50027
-0.94795
-0.50458
-0.58798
2.4661
-0.95971
1.6029
0.28739
1.0984
-0.37536
-0.17399
0.28827
-0.76837
-1.3523
-1.0348
-1.2284
0.97319
1.4874
3.1711
0.42143
-0.33911
-0.35926
2.4939
-0.67013
3.04
-0.516
1.4441
0.018947
1.6604
0.10556
3.519
-0.96143
3.4937
-1.726
1.0253
-0.36495
1.6735
0.55566
3.9032
-2.6569
1.8612
1.3033
3.4748
-0.43235
3.8062
-0.51571
1.4022
-1.5429
2.8738
0.40531
-0.98657
-1.1386
2.8577
-1.01
3.9892
1.01
0.094831
-0.83013
4.1798
-0.19802
2.8168
-1.6332
0.45095
-0.7814
-0.72619
0.7078
-0.72619
0.70848
0.32852
-0.057601
3.5998
-0.064119
3.7209
-1.1212
-0.72529
-0.10167
0.37119
-1.0761
2.1231
-1.2035
2.1858
-0.063784
4.0938
0.48929
3.4092
-0.66914
0.10973
0.23112
2.9187
-1.1662
1.8177
-0.65491
3.7209
-0.62209
-0.20565
-1.0117
3.4006
-1.5098
3.126
-1.1414
2.582
-2.4061
0.9385
-0.40932
2.9863
-0.60898
2.4241
0.79078
3.6047
-1.0624
-0.84913
-0.43869
2.546
-0.78171
2.5195
-0.23877
0.094831
-1.4888
-0.097382
-1.2201
3.4092
-0.24892
1.2272
-0.93936
0.78664
-1.0233
3.3827
-1.736
1.766
0.27524
3.04
-1.0149
3.3617
-0.44831
4.0938
0.82562
1.2272
0.12244
3.737
-0.20342
3.737
0.1414
2.1865
-0.91727
-1.6659
-0.30527
2.5612
-0.16339
1.6029
-3.1033
-1.3693
0.38047
3.969
1.1659
0.30583
1.4111
0.61253
-0.099719
-0.76837
-1.92
2.5334
-0.29401
0.95452
-0.3743
1.4346
-0.040983
3.6196
0.72464
-0.17158
1.112
1.1635
0.17004
1.9498
-2.3243
0.4522
0.56795
3.609
-0.40513
0.76582
0.61099
1.9393
-1.0098
3.4092
1.8941
0.30399
0.30827
0.64605
1.2858
-0.50027
-0.7256
0.69985
-1.4343
3.9276
-1.6482
3.8062
0.1773
1.0174
-0.067958
2.6845
-1.8948
3.9032
-1.4135
0.97294
-0.93778
-0.32012
0.10537
2.185
0.9202
3.3031
-1.1782
-0.72619
-0.96102
2.4399
0.73165
3.2021
0.22803
2.4939
-0.43075
1.033
0.21509
-0.17158
-2.3405
-0.17158
-0.0049139
1.7229
-1.1657
2.0868
-0.88829
0.42192
-1.0207
0.73066
-1.3111
3.8062
0.82761
3.9032
0.64978
2.546
0.054197
3.7209
-0.90366
-1.8622
-0.9622
0.81032
-0.72122
3.5998
-1.5195
-2.5291
-0.54389
1.289
-1.0639
3.3827
1.1785
3.9502
-1.3627
1.1065
0.58867
-1.0348
-2.0272
-0.027218
1.0629
3.4092
-0.67259
1.1323
-2.1743
1.4953
-0.91714
1.6307
-1.7201
-0.58947
-0.64475
2.3079
0.91525
-0.027218
-0.15258
3.4217
0.089649
2.6531
0.010817
3.3827
-0.60193
3.4092
1.1797
1.7229
-0.86466
1.1065
0.24714
4.2095
-0.45814
-0.17158
-1.7057
3.7784
-1.5455
2.546
0.34471
3.6047
-1.925
3.4092
-2.8818
0.20565
0.71012
3.3031
0.24871
3.7784
0.91612
-0.33911
-1.6575
0.13791
0.31055
1.5083
-0.72637
1.8013
0.65501
1.2272
-1.2523
1.192
-1.8107
1.9393
-2.4487
1.2117
0.84779
-0.8254
0.23735
0.81674
-0.95409
-1.938
-1.0618
3.4092
0.99845
-1.5367
-1.9537
3.04
0.32453
3.1711
0.71338
3.04
-1.635
2.8577
-1.7343
-0.33911
-1.7187
1.8177
-0.37565
2.9229
1.2316
2.9229
-0.52321
1.0174
-0.90168
1.0833
-0.45705
1.6735
-1.4829
2.3585
-1.0096
3.1711
-0.16069
1.5307
-0.25676
1.0684
0.80661
2.9056
-0.27045
1.8885
-0.50528
3.1702
0.05806
-0.79344
0.96157
0.094831
-0.79958
2.1299
-1.2979
2.4939
-1.0475
3.2822
-0.47546
3.5912
-0.14679
3.5059
-1.0458
1.6604
0.089871
3.8143
1.1849
0.26915
-0.050065
1.7603
0.81475
1.0174
-1.9688
2.2381
0.0050856
1.4609
0.53431
3.04
-0.044858
2.943
1.0597
0.13701
-1.5697
4.0938
0.53744
2.8738
-0.50296
2.4399
-2.1099
1.7537
-0.9895
2.1299
-1.829
1.9498
-1.3377
-0.1151
-0.87697
2.7244
1.0427
0.91918
-1.7346
1.3779
-1.3077
1.7537
-0.4515
3.4728
0.47202
2.915
0.4128
-0.50027
0.068182
-0.31398
0.97193
0.21309
0.59097
1.1065
-2.0691
2.5195
-0.95351
2.9863
-0.050566
3.9032
-0.58828
3.9032
-0.36079
3.4006
-0.56576
0.01186
0.36049
0.73359
0.76863
1.4953
-0.19927
0.76737
-0.5187
0.37119
0.66351
-0.17158
1.0093
3.8062
-0.0028688
3.9032
-0.20343
0.094831
-0.32268
-2.916
0.42181
3.5733
-2.1538
1.323
-0.50212
0.76046
1.2968
3.519
-1.1589
0.075293
1.4483
1.1323
-0.62215
0.13791
-1.0548
3.4092
-1.5309
-0.89042
0.19528
1.851
-3.1325
1.7229
0.17199
0.30399
-0.22838
2.4399
0.36157
0.13791
-3.8361
2.6845
0.70737
3.7784
-1.737
2.4661
-1.5144
2.7457
0.447
3.7784
-1.7631
3.4092
-1.2848
0.10973
0.23419
3.8062
-1.9107
-0.13463
-0.93501
0.85967
-0.30061
-0.72529
0.16922
0.72857
-2.3956
3.4169
0.89643
1.0117
0.37895
1.289
-0.15414
1.9393
0.045271
3.4092
0.40687
3.4728
0.21216
3.8062
0.72423
2.9863
-1.7067
2.1689
0.32177
2.2544
-1.7197
3.8062
-0.43918
-1.0318
-0.22067
0.094831
-0.86525
-0.33911
-0.84526
-0.0019782
0.98483
2.9152
0.74529
2.3585
-0.24592
3.7596
-1.889
2.943
0.43264
2.1865
-0.22139
2.6845
-0.75707
2.546
-1.4391
2.9056
-0.0035994
0.97294
-0.34687
3.6864
-2.1742
1.6735
0.19087
-0.17158
-1.3048
3.04
2.0835
3.8143
-1.4879
2.421
0.19138
1.7537
-1.0281
-0.36283
-0.52086
2.3389
-1.9169
3.6047
-1.2857
0.5618
-0.79547
2.6142
0.92128
3.5998
0.84807
1.8885
-0.52102
2.9056
-0.61938
2.7571
-1.1881
2.4661
1.0062
3.737
-1.1159
2.915
0.96008
-0.0019782
-0.55451
0.52802
-2.2809
0.24335
-1.4173
3.7784
-0.12478
2.546
-1.5139
2.3764
-1.8742
2.5334
-0.096647
2.5374
-0.24868
-1.8523
0.95702
1.6029
-2.4896
3.969
-0.613
1.6735
0.56432
3.609
0.20955
0.019027
-1.4085
0.61253
0.56997
3.519
-0.98737
-0.17222
-0.82339
-0.89042
-0.52399
3.5733
-0.31079
1.7229
-0.35197
3.4006
-0.020921
2.4241
-0.68387
3.4092
0.0099885
3.0677
-0.77521
2.4661
-0.27006
0.094831
-2.0969
0.83755
-0.0045106
1.498
-1.4085
1.7229
-1.0428
2.8738
-0.45647
3.429
-0.10247
1.6765
0.85956
-1.3635
0.67508
2.4939
0.87661
1.7229
-0.50345
3.3617
0.59854
-0.72619
0.97511
2.8964
0.75011
-0.85778
-1.2005
0.019027
-0.69912
3.9968
-2.2991
3.7209
-0.72181
0.27952
0.33224
2.4939
0.41119
0.32852
-0.9468
3.3031
0.22518
2.4661
0.037313
3.4006
0.085651
2.4939
-0.017747
0.97319
-2.1994
2.7244
0.090187
1.6185
-0.11352
-0.54554
-1.0531
3.2021
-0.78361
0.4946
-1.4321
3.1711
0.88545
3.9032
-1.3211
0.95452
-1.1733
0.33741
-1.4283
2.9056
0.33773
0.97294
-0.48706
3.737
-1.0174
3.4092
0.01498
-0.72619
0.10368
-0.50027
-0.10481
2.6147
0.046732
-0.50027
0.18194
-0.44128
-1.1172
0.76046
-3.8165
0.97294
-0.65736
-1.6659
-0.6213
3.9892
-1.5631
1.3226
0.60031
3.3827
-0.34026
3.04
0.36548
2.8738
-1.3726
3.3827
-1.3254
3.1711
1.7228
1.6735
-1.719
3.3827
-0.057344
0.45447
-0.81326
1.4953
-1.1845
1.5848
-0.93463
3.9032
-0.70727
0.13701
0.19752
-1.2023
0.06042
0.48689
-1.6625
-0.66551
-1.1831
2.1858
0.27524
2.0076
-1.0622
1.8962
-0.89361
1.6735
0.61898
-2.9061
0.39492
-0.4707
-1.5315
2.1231
-0.46702
1.1323
-0.15794
0.42192
-1.6508
3.4092
0.76766
0.34416
0.686
3.2822
-0.78281
3.9032
1.1946
1.0078
-0.82456
-0.28644
-2.0006
2.7415
-0.0036446
0.61253
-1.0235
1.1065
-1.1854
3.1398
-0.20223
2.2544
0.14863
1.1872
-0.081643
3.8062
0.13115
2.4661
-1.0343
3.3031
-0.41532
1.2635
0.29896
-1.4426
-1.2527
3.2021
-1.2324
-1.0348
-1.1023
-0.65788
-0.086715
0.59768
-0.33995
0.32852
-2.7905
0.14687
0.078851
2.6142
0.81994
0.62265
-1.0078
-0.10275
0.24014
2.1919
0.1824
1.7229
-1.9775
-0.34839
-1.6547
3.3827
0.5302
2.4668
-0.90394
0.42134
-1.736
