-1.7018
-0.74473
2.9444
-1.8724
-1.5957
0.66458
2.9051
-1.8055
2.54
-0.50761
3.445
-1.0281
1.0591
-2.6378
3.4032
-2.9638
1.07
-1.6211
0.86846
-1.124
3.4032
-0.94313
-0.6395
-3.1108
1.8906
-1.5698
2.7188
-2.7216
2.5818
-1.9543
3.6356
-0.93102
3.445
-4.1496
-1.7018
0.15565
-1.5384
-1.8433
2.5818
-1.8965
0.86846
-1.723
-2.4016
-1.2528
2.5818
-0.87472
-2.4016
-1.7448
2.7538
0.32876
2.9051
-2.8713
-2.0387
-2.1768
3.445
-1.4142
0.016163
-0.20899
-1.9571
-0.78775
0.86846
-0.2708
1.617
-0.35368
1.0591
1.515
2.5818
-0.9323
0.86846
-3.1711
0.86846
0.024859
0.016163
-2.0762
3.6356
-2.3152
2.9051
-1.2278
2.4188
-0.9556
-2.1905
0.068505
0.38216
-4.2177
0.0052526
-2.9664
3.445
-0.69229
3.445
-1.005
-0.11913
-2.4895
0.38216
-1.4768
2.7538
-0.77622
-1.1729
-0.75848
-2.4016
-1.4759
3.6356
-0.70989
2.9444
-1.1054
2.7538
-2.594
-2.4016
-1.1671
-1.5384
-2.237
2.0419
-1.5411
0.86846
-1.1418
3.0957
-1.5158
-1.3273
-0.55505
-2.4016
-3.0958
3.445
-2.0399
0.86846
-1.7944
-0.90578
-1.393
2.9051
-3.1077
3.4032
-1.1243
2.0419
-0.71609
-1.5384
-0.98786
1.617
-1.7064
-1.5384
0.70979
3.445
-2.7812
0.86846
-0.52502
2.9587
-1.5455
2.5818
-1.2158
2.5818
-0.54051
1.617
-0.93563
2.5818
-2.9006
-1.5384
0.41152
-1.5384
0.25784
1.4307
-2.22
-1.5957
-1.4576
-1.5384
-1.9161
0.0052526
-1.2456
2.7188
-1.4076
1.8076
-1.753
2.5282
-2.0141
2.7538
0.252
-1.5384
-2.3296
3.445
-2.6746
3.445
-0.10755
2.7538
-0.37672
2.5818
-2.6498
-0.30973
-2.4066
2.9444
-2.7882
0.86846
-2.666
2.9444
-0.8794
2.0419
-3.9481
-1.3273
1.0065
-2.4016
-0.12286
1.8906
-1.4415
-0.88032
-1.2581
0.86846
-1.8409
-1.3478
-1.2645
1.617
-0.87327
2.9169
-2.2797
1.617
-1.0037
3.445
-3.5177
3.4032
-1.1465
0.86846
0.75874
-1.0939
-1.4108
2.9587
-1.8103
-0.6395
-0.27403
0.0052526
0.27655
1.0591
-1.5667
2.5282
-2.0799
-1.5384
-0.7428
3.5938
-2.703
0.86846
-1.1332
2.9051
-1.4411
-1.4051
-0.16745
-1.5027
1.0551
3.4032
-0.52487
-2.4016
-0.88519
0.75381
-1.6608
3.445
-1.1533
0.86846
-2.666
0.0052526
1.0201
0.86846
-0.96152
2.5282
0.87988
3.4032
-2.3116
1.8076
1.3575
1.617
-0.30368
0.86846
-1.9246
2.5282
0.17268
3.445
-3.2815
2.54
-1.0073
3.4032
-0.61339
1.0591
-1.0226
2.0419
-1.9243
3.6356
-0.41875
-2.4016
-0.43576
-1.3478
-2.0195
-1.5384
-1.1054
-1.3478
-1.8873
0.86846
-0.69641
0.0052526
-2.0509
0.86846
-0.82471
2.9051
-0.92356
0.86846
-1.6411
2.5818
-2.0794
2.54
-0.92483
0.0052526
-0.97417
0.75381
-3.4342
2.9051
-1.3436
0.0052526
-0.64509
3.445
-1.8374
2.5282
-0.6578
-1.3273
-0.01152
-1.5384
-0.77622
1.617
-0.41039
0.86846
-1.5649
-1.5384
-2.5051
3.445
-1.5868
0.0052526
-0.6598
0.86846
-1.9833
-1.5384
-4.052
2.5282
-0.22864
-1.3273
-2.2254
1.617
-1.6302
3.445
-1.9163
-1.5384
-0.85689
1.07
-0.067855
0.86846
-0.51453
0.86846
-3.1982
2.9051
-2.0526
