2.8
-0.50381
3.2957
-0.66957
0.013332
0.081567
-1.6533
-0.54524
1.0771
-1.1858
3.3503
-1.1844
2.9906
-0.60043
0.0032031
-2.1519
0.20394
-1.9143
-1.6446
-1.2963
2.2236
-1.2946
0.013332
-1.6044
2.4871
-0.89461
2.5786
0.10577
-0.29245
-1.0998
2.9277
0.081567
3.4058
-1.1996
-0.53522
-0.80585
-1.2956
-0.0094232
2.2419
-0.12454
3.1051
-0.27453
-2.5078
-0.27083
1.8739
-1.3078
2.2419
-1.3283
2.7371
-0.74772
2.3058
0.0027181
2.8259
-1.4346
2.8259
0.00032057
0.79981
-1.0081
-1.0043
-0.67419
0.71961
-0.29294
3.3503
-1.3133
2.9906
-0.77731
-2.1588
1.2884
3.7932
-0.69522
-0.63596
-1.8713
1.9368
0.47457
2.3846
-2.2568
0.013332
0.32082
-0.62741
-1.0589
1.9368
0.76593
2.6188
-2.8533
2.2419
-1.0493
3.1051
-0.54885
0.71961
-0.95732
2.1309
1.0275
2.6188
-2.0009
-0.37529
0.82515
2.2419
-0.80452
1.8739
-1.4986
1.0756
-1.6092
-0.7225
0.32441
2.7371
-0.69484
2.4871
-0.93832
1.8695
-1.1743
1.0063
-0.78764
-0.63596
-1.4744
-1.105
0.075567
3.1051
-0.3047
-2.2054
0.90984
-0.53522
-0.62818
2.3286
-0.51711
0.0032031
0.4178
2.7371
-1.1133
1.8972
-1.6606
-0.14359
-0.6781
1.9403
-0.73625
2.8259
0.49637
2.8259
-0.61392
1.9403
-0.95511
1.9403
-1.5842
2.3396
-1.2437
1.0771
0.203
-1.7763
-0.7976
1.9403
-0.47342
2.2419
-0.93638
3.1051
0.31484
1.9754
-0.73978
1.7451
-0.90166
-1.3422
-0.24101
-0.26779
-0.88337
-1.4992
-2.4521
0.19381
0.35939
-1.454
-0.90721
-1.3422
-0.73879
2.8
-1.1516
-0.32053
-1.6075
2.8259
-2.1488
3.1051
-1.2348
3.1051
-1.1133
0.089121
-2.5382
3.3503
-0.11934
3.2957
-0.20997
2.7371
-0.68687
3.2957
-0.66689
-2.1588
-0.89376
0.71961
-0.88088
-1.4992
0.13329
2.2419
-1.5707
0.91022
-0.68522
2.8
-1.7346
3.2957
-0.58196
3.3503
-0.68522
1.454
0.7517
-0.14111
-0.6346
1.9403
-1.0621
3.4058
-0.2249
3.4058
-1.4767
0.013332
-0.94708
2.6188
-1.3012
2.8259
-0.41463
2.2419
-0.1678
3.0165
0.075465
3.4906
-1.6787
-0.91311
0.20573
1.4645
-0.48358
3.3503
0.15168
3.1051
-1.186
-0.8505
-2.0517
2.321
-0.94989
0.0032031
-0.3584
1.8739
-1.4013
2.2419
-2.2771
0.013332
-1.406
3.1051
-1.274
1.8739
-0.32275
3.1051
-1.4582
2.7371
-2.0268
1.9403
-1.1882
2.1309
-1.0001
1.1198
-0.7412
3.1051
-0.053233
-0.020535
-1.306
3.4058
0.028887
2.2419
-0.57718
3.1051
-0.63835
3.2957
-1.1863
-0.36552
-0.93906
3.5964
-0.47366
-0.008703
0.26657
-0.7225
-0.070724
2.7371
-0.57422
3.1449
1.0014
2.8
-1.1094
-0.84607
-2.0476
2.8259
-0.2188
3.2507
0.13159
-0.91311
-1.9861
2.4871
-2.1328
2.2419
-0.24101
2.4871
-2.0417
-0.84987
-0.63317
2.0337
-1.1469
0.44699
-0.53855
2.9543
-0.73314
3.3503
-0.2249
3.3503
-0.69327
-0.26779
-0.80415
0.013332
-1.8987
1.9403
-0.93216
0.0032031
-1.3435
3.1051
-0.61237
