-0.10699
-1.8131
4.2127
-0.68777
-1.4049
-0.29346
0.016304
-1.3955
3.1589
-2.1951
3.6787
-1.0022
3.251
-1.6316
0.5808
-0.83949
-0.70254
-1.4511
-0.93569
-1.2911
-0.79398
-2.2141
3.7954
-1.0341
-1.1869
0.088555
1.518
0.1123
2.1972
0.055947
2.0448
0.20993
1.8283
-3.4865
-0.93569
-1.5156
-0.3666
-2.0109
-0.97019
-0.37614
-1.0959
-0.59412
1.6317
-0.29547
-0.8469
-2.1794
-1.1932
-2.2251
-0.54345
-0.97108
-0.93519
-1.0607
-0.89315
-1.9158
-0.41306
-3.5222
2.7684
-0.40122
2.8155
-1.133
0.73353
-1.3558
1.3273
-0.56292
-0.74508
-1.6984
1.0956
-3.8372
0.62553
-1.1514
2.7713
-1.0703
1.0392
-1.6671
1.7418
-1.8349
1.0135
-0.72542
-0.29617
-0.10611
0.46415
0.87782
0.84105
-2.0858
2.3031
-2.4046
-0.14188
0.74749
1.4856
-0.31856
-0.80068
-2.0038
-2.4601
-0.63974
-0.93569
-0.23509
0.42588
-1.2868
0.11977
0.20224
2.1048
-0.23968
2.9292
-0.84761
3.7954
-1.1826
1.9081
-0.82669
1.9588
-3.1147
3.0006
-0.85649
3.9208
-1.7142
-1.7832
-0.77699
-1.6459
-2.7783
1.0956
-0.88524
-1.0959
-0.90143
1.8542
-1.1941
-0.64966
-0.43471
0.75358
-0.69221
1.7465
-2.0256
1.2749
-0.96239
-0.62893
-3.4505
3.0604
-1.8645
1.8542
-0.47594
-0.10699
-1.2332
2.0638
-2.7357
-0.59329
0.54299
0.68803
-0.48903
-0.23767
0.20959
-0.41306
-1.5089
2.8155
-1.7706
1.7465
-1.7537
2.4949
0.23009
-1.2822
-0.82564
-2.5296
-1.0038
2.3348
-1.2088
0.78909
-2.1182
-0.70254
-0.64569
-0.47898
-1.4342
-1.2321
-0.66977
-0.097083
0.57829
1.136
0.15342
-0.99129
-1.8725
-0.10699
-1.6223
-1.0959
-1.354
-0.96029
-1.9176
3.9208
-1.7766
4.6586
0.24481
1.8296
-0.41518
1.2528
0.22676
1.0494
-2.4614
-0.67923
-0.92022
-0.2824
-0.96693
0.62242
-1.7774
1.7418
-1.348
3.6787
0.4082
3.8693
-1.4535
1.8542
-0.70058
-1.422
-0.95239
4.1454
-2.6217
-0.93569
-2.1309
-0.41306
-0.49873
-0.18611
-1.6291
1.9126
-1.4254
2.68
-0.96798
3.6061
-0.61673
-1.3075
-0.45215
3.8222
-1.78
3.654
-3.1788
1.073
-2.0813
-0.70254
-2.811
-0.89315
-1.0917
1.4504
-3.5888
0.093521
-0.96401
0.99095
0.89412
-0.67158
-2.1746
-1.5328
-4.092
-0.23767
-0.73885
-0.89315
-2.1731
-0.66959
-2.5314
2.8155
-0.64139
-0.89315
-1.4217
-0.89315
-0.86599
-0.99129
-1.9216
4.0544
-2.4344
0.016304
-1.2021
1.4504
-1.5288
-0.52277
-0.15461
3.4485
-0.69773
-0.96029
-0.30208
3.6787
-1.5507
3.7967
-2.5317
-1.1932
-0.46178
0.20691
-1.6425
-0.99004
-0.11347
0.81614
0.51625
1.9126
-1.2105
0.81614
-0.9485
-0.99129
-0.25597
1.0693
-3.885
3.6787
-1.0169
3.4485
-0.9011
0.84238
-2.779
0.88867
-1.9261
-1.8545
-1.7789
1.9081
-0.47705
0.26505
-0.77887
2.6913
-1.9119
-1.5129
-1.2545
-1.1707
-0.2075
-1.0959
-1.2139
-0.14188
-1.2207
-0.95951
-2.9679
-0.93569
-0.259
1.0135
-0.74039
1.4504
-1.9035
-1.0959
-1.6101
-0.12967
-1.3214
-0.93519
-2.3162
3.6787
-1.636
-0.82721
-1.0014
0.5808
-1.0613
-0.67158
-0.62404
1.2891
-1.7107
0.5808
-1.1558
-0.29534
-1.7855
-0.10699
-2.3618
1.4504
-1.0435
-0.052516
-2.3458
4.0221
-1.7995
-1.0959
-0.37276
-1.1559
0.57685
1.9588
-3.267
2.2349
0.17277
2.1966
-0.37048
0.016304
-0.979
-1.8545
-2.1319
2.4949
-0.54339
0.8176
-1.1159
0.42588
-0.88358
1.316
0.23922
-0.93569
-1.4371
-0.97794
-0.98712
2.2963
-1.4718
1.4504
-2.4401
0.50114
-1.3198
0.5808
-2.239
1.9325
-2.5923
3.0981
-3.2288
3.2641
-0.40743
-0.10699
-2.1422
3.1663
-2.2153
3.8638
-1.7816
3.6316
-1.0622
-0.23948
-0.0043981
1.073
0.13914
1.641
-2.036
1.8542
-0.4575
-0.12858
-1.9678
0.92413
-1.0343
-2.0339
-3.7944
-0.93569
-0.69783
3.1663
-1.3319
2.1972
-0.99736
-0.2824
-2.8295
1.5512
-0.8767
-0.81629
-0.51037
-0.10699
-0.73511
1.4644
-3.3904
-1.5328
-1.1757
1.073
-1.2339
0.12604
-2.9287
-2.2464
-0.87775
0.42588
0.23937
3.251
-0.78472
0.20691
-1.0777
-0.51728
-0.47614
2.2091
-1.3319
2.7713
-1.6724
0.048725
-0.6157
2.8155
-1.5427
0.083614
-2.9328
-0.81387
-2.456
-1.1808
-2.135
-0.26958
-1.7362
0.083614
-0.82214
0.5808
-0.90492
-1.3094
-1.6875
-1.6904
-1.8515
1.8542
-1.9769
2.7386
-0.82639
1.8542
-0.15425
3.654
-2.1453
-2.3741
-3.3397
-0.29534
-2.8362
-1.7989
-1.4576
1.641
-0.95854
0.5808
-1.1265
1.8542
-0.15206
1.6523
-1.3123
0.5808
-1.6159
-0.41306
-2.6045
0.73151
-1.6381
0.81614
-2.898
0.35321
-1.0069
0.22925
0.070711
-0.99129
-0.29142
2.1972
-0.694
1.4856
-0.99289
0.62553
-2.3036
-0.93569
-2.7625
-1.7989
-1.8314
2.1032
-1.2798
1.4504
-0.55032
-0.70969
-0.42397
-0.97019
-0.61091
0.62553
-2.5395
2.0448
-2.5935
0.62553
-1.0479
1.4504
-1.4777
0.42588
-0.68731
-0.41306
-1.7503
-0.32999
-3.057
-1.9871
-0.35836
-0.99129
-1.4114
-1.031
-0.99561
0.42588
-2.028
-2.837
-2.014
-1.4497
-1.9045
0.96412
-1.7633
0.13923
-1.492
-1.7832
-1.6653
3.6787
-0.16195
2.0638
-0.64984
2.0448
-0.02991
4.0221
-0.71705
0.62553
-0.6951
-1.1354
-0.28709
1.3845
-0.18951
-1.9413
-0.1085
2.68
-0.81607
1.4504
-2.9637
1.6951
-0.51341
-1.4049
-0.54698
-2.6025
-1.5492
3.6787
-1.4347
2.2401
0.043346
-0.91371
-1.3933
-0.66959
-0.50254
-2.6273
-1.3818
-1.7989
-0.7292
-0.097083
-1.7865
-0.23304
1.0084
-1.1707
-2.6069
-0.064561
-2.6824
3.654
-0.35001
0.78909
-1.2086
-0.51728
-2.4001
2.9322
-2.7668
0.38073
-2.2984
3.6316
-1.3255
-0.96029
-0.20667
-0.99129
-0.29776
-1.5136
-0.68594
-0.097083
-1.4728
2.6592
-2.1925
3.6316
-1.7906
3.6316
-0.54876
-2.8932
-1.6019
0.1092
-0.67998
0.016304
-0.22869
-0.48656
-1.6881
-0.32999
-1.2751
4.6586
-1.6083
-1.1932
-2.6858
3.6316
-0.16202
1.2458
-3.8515
-1.1926
-0.1321
-1.6275
-1.1371
3.2755
-0.98185
2.804
-0.11404
-1.238
-0.093324
0.048725
-2.3248
-1.0959
-1.1782
1.2783
-0.74944
-0.70254
-1.3723
-0.61418
-3.3949
3.8638
-3.2628
0.083614
-2.2186
1.0494
-0.97283
-0.61418
-1.8524
0.5808
-2.1365
1.2891
-2.9645
-1.1001
-0.99471
1.5542
-0.81581
3.6787
-2.3383
1.4504
-3.3475
-1.0959
-1.5215
-0.96029
-0.13327
1.5512
-1.4301
-0.66959
-1.1705
2.7684
-0.34144
-1.1707
-3.1547
0.29198
-1.2686
-2.188
-1.1581
0.751
0.057912
0.69438
-0.88763
-0.74508
-0.59466
-1.7488
-0.019546
2.68
-1.9434
0.63083
-1.7659
1.2811
-1.1923
2.9732
-1.1729
1.2891
-1.7187
-1.2083
-2.3088
-0.66959
-1.9243
3.8222
-1.3293
-0.80479
-0.67819
-0.66959
-0.65024
-2.3044
-3.0457
-0.32999
-1.4494
0.5808
-2.994
-0.89315
-0.4724
-1.1707
0.20273
0.62553
-1.4786
-0.69846
-1.1178
3.687
-0.76901
1.8542
-0.23273
3.067
-1.7032
2.7684
-1.5754
-0.67158
-0.94512
-0.32999
-0.95119
0.016304
-0.93715
-1.4049
-1.4902
-1.4049
0.19233
0.67343
-0.38548
-0.097083
-1.6366
-0.48097
-1.1604
1.1283
-0.489
-0.50077
-1.4973
0.19013
-1.9855
1.9126
-0.058478
-0.93569
-2.3376
3.6316
-3.2586
1.8754
-1.4963
1.4504
-3.5142
1.7765
-0.52678
-1.1932
-1.7514
-0.99129
-1.7563
1.5366
-0.88876
4.468
-0.86277
3.6316
-1.0691
0.62242
-0.66868
0.68803
-0.62205
1.3273
-0.53937
-0.99252
-0.35796
-0.26454
-1.8264
2.8155
-1.8419
3.1924
-0.11436
-0.17563
-0.11326
2.0638
-0.54454
1.865
-2.3559
3.654
-0.30079
4.468
-0.9587
2.5853
-3.061
-0.96029
-0.57731
-2.6617
-0.63219
-0.93569
-0.023306
-0.10699
-1.5526
-2.331
0.11465
-0.18611
-0.15061
-1.4049
-3.9377
1.9588
-0.7965
-0.69324
-1.5989
-1.7563
-1.7107
-0.93434
-1.7354
2.1032
-3.2494
-2.5285
-0.54392
3.654
-1.8776
1.6311
-0.34231
1.2783
-1.3576
4.0221
0.65545
3.0981
0.23436
1.4504
-0.80826
0.68803
-2.3038
-0.32999
0.7138
0.48691
-1.027
2.7684
-1.5916
1.0649
-0.20753
1.6317
-0.2895
-0.70254
-1.445
-0.14188
-1.0571
-0.41306
-1.1762
2.2103
1.2747
-0.96029
-1.2563
-0.41306
-0.24057
1.9588
-1.2561
3.1924
-1.029
2.3513
-0.042675
3.654
-1.3046
0.66216
-0.49006
-0.93569
-0.023116
0.62553
-0.50901
-0.93569
-0.80825
2.8155
-0.34878
-0.13938
-2.0842
-1.9738
0.96615
3.6316
0.75482
0.016304
-0.69677
4.1454
-1.1135
-1.8484
-2.1874
3.0421
-2.1087
-0.99129
-1.1817
0.69438
0.27731
-1.5328
-0.49299
1.7646
-1.2694
0.38073
-1.6172
-0.86906
-1.9189
-0.80479
0.026262
0.4528
-0.40619
3.5592
-2.0895
2.8155
-2.2353
1.8754
-3.6397
3.6048
-1.5365
1.0622
-0.80568
-0.097083
0.11267
3.8693
-1.7052
2.0638
-2.2825
0.19896
-2.0843
2.5853
-0.69775
-1.9591
-1.0022
-0.41306
-1.7807
2.6954
-0.99551
-1.6753
-1.9373
2.8824
-1.6411
-0.89315
-2.5061
-1.4049
-1.3325
-1.4049
-0.73121
3.6048
-0.84688
3.0604
-0.3595
0.54335
-0.98321
0.52129
-1.0974
-3.3578
-1.6355
1.4504
-0.79968
2.3287
-2.9453
0.5808
-0.0264
-2.6323
-0.42138
-1.4049
-0.88351
-1.7798
-1.4764
2.4686
-1.5266
-1.5831
-1.0311
-1.9738
-0.92973
0.80279
0.79091
-0.97019
-1.5435
0.92658
0.38995
1.6054
-0.66313
2.7429
-0.1893
3.654
-1.894
2.2544
-2.0511
1.8542
-1.7733
1.5317
-1.3921
-1.0959
0.61272
-1.0458
-0.87353
-0.41306
-0.80355
4.468
-0.7197
3.8638
-0.93809
-1.9679
-0.77838
-0.62058
-2.5336
3.1663
0.088763
-1.7989
-2.4683
-1.3206
-0.40143
3.0604
-2.0429
2.1032
-0.89803
-0.81629
-2.0004
-0.93519
0.016573
-0.81315
-1.684
1.7637
0.32029
3.6222
0.097622
-2.3741
-0.51128
-0.94095
0.2053
0.73353
-1.9771
-0.32999
-1.1571
2.3513
-0.30356
0.9416
-2.1058
0.73353
-1.5016
-0.8469
-0.027204
0.98297
0.33541
-0.61716
0.13829
1.2891
-0.96109
-1.1638
-1.4033
2.2026
-1.3154
1.7272
-1.0357
3.6787
-1.5876
-0.89315
-0.99054
-0.80068
-2.0383
1.8281
-1.008
-0.071135
-0.98882
4.468
-0.58982
3.6787
-0.45284
1.0277
-2.3073
3.1663
-0.73991
1.2891
-1.613
3.3569
-1.1774
0.73353
-1.8961
-1.4049
-1.641
2.8819
-0.3436
-0.91572
-0.25931
2.4593
-2.2377
3.4485
-0.94331
-0.10699
-1.5168
-0.14188
-1.2037
-0.7178
-2.666
3.4316
-1.74
-0.26911
-1.5309
-0.052516
-1.8656
-0.50785
-1.1571
1.9588
-1.5089
1.9588
-0.71543
1.6339
-1.7796
0.38427
-0.99574
-0.41306
-1.7356
3.6787
-1.7597
3.1663
-0.61023
1.4856
-1.1726
3.8446
-0.53837
-0.8469
-1.5621
-1.6541
-0.184
3.6316
-1.2981
4.468
-0.48219
-0.90527
-0.18244
4.0221
-2.1002
-0.26911
-2.1416
-0.59246
-0.59486
-0.89315
-1.909
2.3513
0.48192
3.7954
-2.5156
2.804
0.29665
2.7908
-1.5265
-0.96029
-1.227
0.68803
-1.4342
0.62553
-1.6941
0.62553
-0.52317
1.4881
0.46975
-0.10699
-1.4199
-1.422
-0.74674
3.1663
-1.2659
-1.7832
-0.95871
-3.1607
-0.91919
-0.097083
-2.7512
-0.052516
-0.013679
-0.72717
-1.037
