1.2594
-2.3471
1.45
0.091432
3.3703
-0.96162
-0.48598
-1.1939
-1.0291
-1.1389
1.2594
1.2413
-0.30606
-0.88298
-0.67289
-0.32233
0.024751
-1.9599
1.2594
-0.74747
-0.67289
1.1719
3.5979
-1.9103
2.8505
0.87282
3.9043
0.17083
2.1277
-1.9809
3.7885
-1.381
-0.49667
-0.89939
-1.1283
-0.26582
3.7137
-1.5871
-1.0291
0.20787
1.2594
-0.03879
0.39615
-2.9075
2.1277
-0.7079
2.8505
-0.9059
-0.67289
-0.12572
-0.67289
-1.4209
-0.67289
-1.0679
-0.49667
0.35597
0.39615
-0.23036
-1.0291
0.0042074
3.5979
-0.6873
3.5979
-0.31341
-0.48229
-0.23036
2.7347
-0.25883
3.7137
-1.2603
-0.48598
-1.9989
-1.5361
-0.57129
3.1815
-0.93951
3.7137
-0.38069
-0.65215
0.073054
2.7347
-1.6762
3.1116
-1.5388
2.7347
-1.6561
-0.48598
-1.4839
1.2594
-1.1825
-0.48229
-1.3833
3.1116
-3.3867
-0.67289
-0.54539
