3.6125
-4.0444
3.5954
-0.98015
3.5972
0.40041
3.4005
-0.90711
-0.54058
-1.3658
0.11442
-1.5377
0.5958
-1.8231
3.5972
0.8091
3.2156
-1.0606
0.4052
0.054688
-0.29287
-2.4495
2.7982
-1.2545
-3.091
-0.1142
-0.17645
-0.34515
0.36698
-0.56095
0.73096
-2.933
0.81131
-0.27486
0.71298
-1.6498
0.71298
-0.13188
1.935
-2.1632
-0.95512
0.12953
-1.2513
-2.1389
3.0282
-0.95977
-0.15022
-1.9314
0.4052
-1.2303
-0.47153
-0.10898
-0.57495
-1.0388
-1.096
-1.8571
2.7528
-0.41648
-1.0745
-1.338
3.8914
-0.218
0.11442
-1.0509
-0.6921
-1.4963
-0.90035
-0.41669
0.094297
0.0030078
-1.403
-0.74989
3.0282
-2.9561
0.46147
-1.1127
1.0412
-0.44278
1.7162
-0.32645
-1.3574
0.55301
2.3119
-3.0813
1.556
-0.71622
-0.36705
-0.82848
0.69704
-0.43351
2.6166
-0.63578
1.6096
0.015647
0.39829
-0.53238
-1.9592
-2.6096
0.27717
-0.92625
1.1782
-0.41976
-1.2124
-0.74258
0.4052
-2.6082
-0.76891
-0.0055679
-1.3305
-0.70323
-1.3347
-1.4965
3.6125
-0.16129
2.9573
-1.0354
-0.4989
-1.3876
-0.05189
-2.234
0.82692
-1.0112
0.14134
-0.93983
3.0563
-1.479
3.0493
-0.82951
3.2644
0.31005
-0.74879
0.38235
3.6708
-1.7152
0.39829
-2.8614
-0.36705
0.85865
2.7667
-2.966
0.11442
-1.8288
1.9329
-1.1727
2.4012
-1.7908
-1.0562
-1.3496
0.32263
-0.11403
0.21715
-3.4202
1.755
-1.3522
-0.66148
0.11331
-1.2823
-2.4137
-0.010845
-0.77177
2.7667
-1.2266
0.17135
-3.4133
-0.17645
-0.95653
0.41418
-0.41484
3.2644
-1.5243
2.4192
-1.5988
2.4192
-1.0578
0.91722
-2.3685
-1.0399
-2.1673
2.7982
-0.83198
-0.74879
-3.6611
3.4586
-1.2727
3.3026
-0.13783
0.71298
-0.6543
-0.30356
-0.76297
-1.0745
-1.8362
0.49403
-0.074601
1.1336
-0.10367
-1.4382
-1.8334
3.4551
-1.7884
1.5852
-0.051805
3.8031
-4.5308e-05
2.4192
-3.5007
-1.4414
-1.4112
3.2644
-1.3168
-1.1278
-0.35926
1.3596
-1.3162
-0.95512
-1.3675
1.8567
-1.1511
-0.93567
-1.3465
-0.88271
-0.1142
-0.458
-0.9583
3.0408
-1.9889
3.0563
-2.0757
-0.49417
-0.6819
3.5954
-0.8537
0.68873
0.13945
1.7746
-1.7062
-1.1079
0.50545
-0.61749
-0.037706
0.72241
-1.1261
1.556
-1.5541
-0.458
0.38414
-0.12309
0.5889
-1.3305
-1.7392
-1.1935
-0.36069
-1.096
-1.5286
3.0493
-0.26589
-0.36705
-1.1353
-0.57816
-0.85614
3.2644
0.024727
-0.29287
-0.52144
0.11233
-0.19989
0.52824
-2.5851
0.13322
-0.78157
-0.62916
-0.36916
3.4551
-1.3063
0.86066
0.049723
-0.27522
-1.1507
-1.4353
0.92268
1.7758
-1.106
-1.0399
-0.45087
0.73096
-0.328
1.8193
-1.4894
3.4942
-1.7388
1.8567
-0.34363
-0.47153
-0.20731
-1.4841
-2.0509
0.30445
-1.9131
-1.4353
-0.48183
-0.33497
-0.71083
1.935
-0.015122
-2.3918
-3.0706
-0.75087
-0.28816
-0.31463
-0.86751
1.0347
-1.0658
-1.403
0.56938
-0.065107
-0.51429
2.2025
0.16751
2.7982
-1.0444
3.6125
-4.0141
3.5972
-0.89454
-1.8183
-2.546
2.2025
-1.4016
2.7982
-2.837
3.2644
0.278
3.5972
-0.63126
0.94804
-2.6139
2.4192
0.2483
-0.14534
-0.78665
2.8669
-1.6578
0.11233
0.25743
2.0031
-1.4154
3.5972
-1.0809
0.71298
-2.5341
1.0804
-1.0767
3.6368
-0.38411
-0.19296
-0.57362
-0.05189
-0.99832
2.7982
0.21283
0.99642
-0.30386
2.1861
-0.25801
-0.47153
-0.59598
-1.329
-0.9925
2.4012
-0.61145
1.4691
-0.25414
3.0493
-0.2467
-0.392
-0.29378
-0.37188
-0.021403
-0.065107
-2.8355
0.1255
-1.1218
-1.4841
-2.4995
3.0493
-1.2309
-0.49417
-0.74478
2.9888
-0.068512
3.2644
-2.2207
0.18059
-1.8826
-0.57214
-0.52141
3.4048
-0.37722
-0.36918
0.19936
-0.16065
-0.68357
-1.2124
-0.67837
1.7269
-0.54751
3.0563
1.09
0.11236
-0.36992
-0.74879
-2.7953
0.54036
-0.51083
2.4192
-1.3522
2.4617
0.31764
-0.74879
-0.57969
3.2644
-0.31395
0.46174
0.075131
-0.87944
-0.64424
-0.74879
-1.3
-2.2662
-0.30373
-0.47153
0.059186
-0.17645
-1.7965
2.734
-0.13782
1.556
-0.088437
0.7703
-1.8437
4.5481
-2.0554
3.8914
-1.5229
-1.9385
-0.47611
2.4192
0.034336
-0.90541
-0.10923
-0.74879
-0.50276
3.5954
-0.33849
-0.43856
-3.3353
3.4551
-2.4456
0.18059
-0.24759
-0.42891
-2.0324
-0.065107
-0.36157
2.7982
0.24134
-2.7436
-1.6845
1.671
0.39822
0.19202
-0.85618
2.7667
-0.82467
-0.21134
-2.2119
2.6763
-1.4557
0.90358
-0.84964
-0.5452
-1.0598
2.6098
-1.1208
0.7485
-1.0961
3.0493
-1.0032
0.47586
-1.8287
0.11442
-1.2381
0.98757
-1.8526
0.21715
-0.86601
4.082
-0.85222
2.3931
-0.42932
-0.40061
-0.84263
1.0804
-0.046156
1.0474
-0.76163
-0.47153
-0.5774
1.4691
-2.3867
0.4052
-0.45743
-0.458
-0.726
-0.28093
-2.6559
2.6763
-1.5352
0.91722
-1.6058
0.72201
-0.26706
-2.2278
-1.6857
2.9888
-0.90158
3.0563
-1.6022
1.3514
-2.006
3.0282
-1.0966
1.856
-0.96235
-0.36705
-1.8475
2.4012
-2.0162
0.71298
-0.00033583
1.5628
-1.3057
-0.46492
-0.86192
2.4012
-0.51063
1.0804
-2.0338
-0.69764
-2.9811
0.34062
-0.67599
3.6492
-1.0642
3.8914
-1.944
3.2644
0.19392
3.6492
-1.2967
3.8914
-0.70361
-1.403
-2.7924
3.8914
-1.6865
0.32263
-0.92625
3.2644
-0.78956
1.3858
1.4874
-1.403
-0.518
0.11233
-0.059598
2.7667
0.50004
-0.05189
-0.56444
-1.3305
-1.5021
3.4586
-1.8523
1.556
-1.1779
2.4192
-1.1574
3.0408
-0.051805
-0.39901
-0.39371
0.44459
0.012108
-0.16065
-1.5476
2.4192
-0.84674
0.11442
-1.8744
0.4052
-0.27544
1.556
0.3045
0.15076
-0.53046
1.935
-0.89455
0.91302
-0.48817
-1.5437
-0.55895
-1.4827
-0.44233
2.4192
-1.0374
2.6098
-0.70665
2.4192
-0.75845
1.8911
-0.57154
0.11442
-1.8331
0.39829
-1.1477
-1.403
-2.2126
-0.4658
-0.30701
2.4192
-1.301
-1.2124
-1.1731
-0.037148
-1.0426
1.7343
-1.2745
-0.458
-0.67837
-0.065107
-0.12579
1.5628
-3.5171
3.4551
-0.60421
3.8914
-1.3228
-0.75087
-2.004
-0.90541
-0.97967
-1.0022
-1.1027
0.5958
1.0218
1.0347
-0.86824
1.0412
-1.3156
-0.17645
0.074779
0.1255
-1.0862
2.7982
-0.76758
2.6098
-2.3501
2.1861
-1.2361
-0.020735
-2.0211
2.7667
-1.6702
2.6763
-2.0478
2.7982
-1.3488
0.54036
-0.81996
2.7667
0.23236
3.0563
-1.3801
-2.2278
-1.0628
-2.2662
-1.6104
-0.95512
-2.2413
1.0346
0.6018
2.5954
0.19872
-1.403
-2.6636
0.90358
-1.5978
3.2063
0.052926
0.11442
-0.55252
0.11233
-0.86828
2.3931
-0.78576
1.935
-0.39082
-1.4414
-0.76022
3.5972
-1.2615
0.56713
-0.44969
-0.17645
-1.7145
0.4052
-1.2605
2.3639
-1.6732
0.81131
-0.45232
-1.2124
-0.44598
1.4327
-1.3484
-0.57214
-1.2036
2.7982
-0.97013
0.18059
-1.1768
2.4192
-1.4862
0.11442
-1.861
3.6125
-0.92931
0.11442
-1.6711
2.8502
-0.8653
1.3644
-1.1883
-1.403
-1.4217
1.4327
0.89937
-2.3154
-1.2354
-0.6416
-1.4491
2.7982
0.12321
-0.16065
-0.020158
0.11442
-0.14149
3.6125
-0.57154
-0.16616
-1.3048
1.0346
-1.2003
3.8031
-1.7892
-0.4658
-1.5381
-0.74879
-0.95804
1.3514
-1.2287
2.7982
-2.3937
-0.36705
-2.1123
3.3249
-0.50523
-1.9428
-0.95833
3.6125
-0.86539
-1.9592
-1.1395
-0.458
-1.2759
1.3514
-0.86277
0.15076
-0.15691
-0.87944
-0.30299
0.11233
-0.88392
2.1618
-2.6964
-1.2638
-1.1252
0.015932
-0.27957
0.71298
-0.8277
0.4052
-1.3998
-1.9592
-1.6064
0.22668
-0.35083
