-1.0823
-1.2545
0.086858
-1.6264
2.6076
0.62678
-2.0104
-2.7118
-1.2586
-1.9306
0.35935
-0.033735
0.75033
-0.1233
-2.414
-0.62652
-1.5708
-1.6918
-0.38143
-0.91763
1.0514
-0.74
2.7916
-0.77322
2.5643
-1.0743
0.086858
-1.4116
0.1098
-1.4232
-0.84005
-1.2949
-1.3304
-0.093585
-0.80935
-0.49874
-0.10096
0.76962
1.9284
0.15687
-0.73209
-2.4044
1.9284
-1.2647
-1.2872
-2.2661
-0.26637
-2.4191
0.55459
-0.68427
-0.10375
-1.1976
2.7916
-0.51456
-2.414
-2.122
-1.6809
-2.7546
0.1098
-0.8465
3.0544
-2.0588
2.7916
-1.1675
-0.62714
-0.49365
-0.96416
-1.1532
1.4592
-0.13955
-0.10096
-2.1581
-1.8939
-0.49365
1.242
-2.2578
-1.0823
-0.0015674
-0.88165
-2.595
1.7444
-1.658
-0.3151
-0.78272
-0.96695
-1.8486
2.6076
-1.8422
-1.1075
-0.49874
-1.1398
-1.6022
-1.7247
-2.4654
0.17119
-0.62652
2.1912
-0.56092
-0.96416
-0.6549
0.089649
-0.033735
0.7452
-2.595
2.8903
-1.4897
2.0271
-0.30813
2.6076
-2.0144
-1.8797
-2.7968
0.60888
-1.2617
-2.2234
-0.87487
3.0544
-2.2483
-0.96416
0.79081
-0.10375
-1.2949
0.60888
-1.4029
-0.10375
-2.1594
0.60888
-0.10193
-0.39535
-1.7812
-2.1016
-1.2949
