-0.75866
-1.3052
0.23362
-1.8734
0.097474
-1.6149
-0.05007
-1.9822
-2.3582
-1.7336
1.4228
-1.4423
-0.20287
-2.384
3.5187
-1.4678
4.4336
0.4043
2.8582
-0.07283
-0.75866
-1.145
3.4404
-0.91917
-0.59007
-0.84069
3.1334
-0.90485
2.1043
-1.5383
2.5053
-0.94607
-0.51494
-0.67967
1.9453
0.013306
1.9519
-1.6661
-2.8727
-0.22569
3.0876
0.070953
-1.5082
-0.17656
-0.6943
-2.3642
-2.8832
-1.9345
2.8582
-1.1959
3.4263
-2.3978
1.0699
-0.86384
2.9428
-0.12535
-1.3668
-0.49852
0.65468
-2.4215
0.066079
-1.0424
0.10099
0.19629
2.1359
-2.1423
2.5631
-0.49023
2.3147
-1.0638
3.0876
-1.6723
-0.66833
-1.1383
0.38548
-1.8186
-0.71054
-0.54026
0.022369
0.45148
-0.66833
-2.4453
0.53544
-1.4744
-1.9918
0.34654
0.23909
-2.9999
0.19488
-1.9263
0.38548
-1.7251
2.9541
-3.1978
1.0217
-1.712
1.4515
-0.97134
-2.6286
-1.3912
3.7093
-3.211
0.15988
-2.6648
3.4404
-1.3527
-0.89393
-1.2509
4.243
-0.67481
0.55964
-0.93911
3.0876
-1.9084
3.2782
-0.45304
0.19947
-3.1828
1.0821
-0.98269
1.5539
0.02374
2.8722
-1.6075
-1.8863
0.12536
1.4047
0.56526
1.6684
-2.434
1.29
-1.1828
3.9946
0.46664
1.377
-0.42961
-0.50362
0.28323
2.8582
-3.0601
2.3147
0.12388
-0.98992
-2.6992
-0.33107
-0.84956
0.55964
-2.4127
0.19488
-0.34021
1.0887
-1.6946
-1.1364
-0.91017
0.043018
-2.0353
0.0085757
-2.2811
-0.50362
-1.8136
0.80729
-0.41105
-0.90959
-2.2267
0.59927
-0.35016
2.1359
0.27487
0.57197
0.27593
0.049921
-0.82975
2.1817
-1.6468
-0.75866
-0.60403
1.4372
-0.60872
1.4228
-0.63047
-1.966
-3.5375
1.0199
-2.1205
-0.16057
-2.6842
1.2941
-1.2588
-0.59931
0.14073
-0.6943
-0.94047
-0.96404
-0.99046
2.6555
-0.50067
-0.6943
-1.0778
2.1359
-0.28855
3.4404
-0.62299
0.38548
-1.4698
-1.2567
-0.14822
0.89068
-1.2359
3.5187
-0.063719
-0.51494
-0.63624
-0.71054
-1.339
-0.42407
-0.76311
0.80729
-2.7473
-0.21456
-1.2678
2.0958
-0.42923
2.6555
-0.55861
3.7093
-2.9881
0.23909
-1.3131
1.2857
-0.62817
-0.22691
-2.057
0.37348
-0.039425
-1.2045
-3.8233
3.6169
-0.51603
-0.92646
-0.94163
3.4263
-1.4233
-1.052
-3.029
1.995
-0.080686
2.1817
-1.7272
-1.1143
-0.61379
2.854
-0.17749
2.1532
-0.50788
0.10731
-1.1124
2.9675
-0.963
3.0488
-0.94768
1.377
-2.6304
3.5187
-1.138
-0.50362
-0.69234
0.19488
-1.0069
-1.6031
-1.2236
1.6979
0.6256
-0.56805
-0.79314
-0.66833
-2.8731
0.99789
-2.2761
2.6555
0.024455
3.0488
-1.1136
0.13356
-0.82583
-0.99283
-2.275
1.7858
-0.28654
-0.055917
-3.2991
0.1689
-0.93037
-1.4025
-1.091
3.4404
-1.426
-0.6943
0.76874
2.1043
-0.69876
-2.1384
-1.8089
-2.7495
-1.6998
0.19488
-0.41602
2.5772
-1.7122
-0.66334
-0.014855
3.4404
-2.1639
4.243
-0.65806
0.1689
0.23516
2.6554
-0.81797
3.0876
-0.058067
0.19488
-2.5027
4.243
-1.2831
2.5772
-0.75848
-0.34523
-1.279
3.4404
-2.2598
0.1689
-0.1785
4.243
-1.4561
-0.51547
-1.9558
-1.8713
-2.9415
2.9428
0.80758
3.9078
-2.7197
2.6271
0.97938
1.8333
-1.7051
0.49786
-1.9018
2.3718
-1.5036
2.3147
-1.3409
-0.2662
-2.7593
-1.1286
-2.969
1.4515
-1.4736
-0.51494
-1.3542
0.24596
-1.1092
-1.4415
-0.43699
0.099157
-1.3153
1.4515
-2.2493
0.38726
-0.28086
-0.96404
-2.0103
-0.75866
-1.1309
-1.9279
-2.1992
2.9541
-0.66799
-0.66334
-2.5709
-0.97755
-1.1772
2.6554
-0.091241
0.19488
-3.5879
-0.18752
-0.2672
0.5167
-1.2766
2.8582
-1.3525
0.80729
-1.4464
3.4404
-0.15348
2.3147
-0.61034
-0.88826
-0.92107
-0.25097
0.16536
3.6169
-2.4996
3.9946
0.66144
4.243
-0.7452
-0.31301
-0.82876
-2.0239
-1.4386
0.63316
-0.052859
2.9675
-1.2046
-0.66833
-1.1057
2.5772
-1.1192
3.4404
-1.8242
-1.7137
-1.1131
0.71335
-0.1313
2.6555
-1.1253
-0.89961
-1.3972
-0.51494
-0.21916
3.7093
-0.89571
1.995
-1.763
0.92258
-2.5166
-0.32433
-0.64539
0.99789
-1.6813
3.4404
-1.0772
-0.53268
-1.0429
2.9428
-1.3895
0.38548
0.65139
-0.30079
-2.0043
-1.6957
-0.51603
0.35951
-1.168
2.5053
-1.6666
-0.50362
-0.73412
-0.46382
-2.3562
-0.12797
-0.45755
2.9428
-0.67448
-1.1324
-2.4454
-1.5555
-0.38476
1.4983
-0.70263
1.5539
-1.3984
-2.02
0.7516
-0.69531
0.61781
1.6135
-1.3107
-1.6219
-2.1586
0.49623
-2.3508
-0.99202
-0.3802
-0.66334
-1.339
-0.3138
-0.51895
-0.046385
-1.3793
3.9946
-1.757
2.1043
-0.28816
4.267
-1.1319
3.6169
0.21473
3.5187
-0.83751
3.5187
-0.6789
1.4515
-1.0488
-1.4416
-0.34883
-1.3221
-2.0435
-0.42407
0.55225
1.995
-0.7465
0.062614
-1.729
1.6684
-1.5135
-0.75866
-0.49119
0.63514
-0.64683
3.9946
-1.0107
2.3723
-0.11444
1.5539
-1.1221
-0.34523
-0.59699
-2.1045
-1.1858
-0.12797
-1.2139
2.9675
-1.821
0.55964
-0.82659
1.2344
-2.4352
0.42245
-4.1333
2.5631
-1.7798
3.3798
-2.131
0.31268
-1.8358
2.4565
-1.0097
-1.3405
0.39237
3.631
-1.1173
0.27287
-1.508
0.19488
-2.0995
-1.0368
0.10447
0.19488
-0.066619
2.9675
-2.3939
-0.046728
-1.0828
1.9453
-1.6071
-0.75866
-0.77501
-0.29142
-1.3615
2.9428
-1.3708
2.3147
-2.5496
2.9675
-0.78328
2.5772
-1.4936
3.4263
-0.67006
-2.02
-0.86586
2.5772
-1.6134
0.19488
0.0047948
-0.56805
-1.2588
1.0729
-1.7969
1.2857
-1.9018
2.3147
-0.91982
2.1435
-2.6754
1.9453
-3.0426
0.19488
-1.6734
-0.99113
-0.44946
3.5187
-0.3885
-1.1255
-1.6043
0.35951
-2.0001
-0.51494
-0.78359
-2.7345
-0.25236
-1.513
-1.9718
-0.093092
-2.6271
-0.51494
-0.5724
0.27347
0.54005
1.8099
-2.6576
0.080457
-0.99898
2.7792
-2.7376
3.5187
-0.85965
0.71335
-0.46972
4.4336
-0.89823
3.5187
0.085703
-1.3649
-0.83858
2.5772
-0.58165
0.18002
-0.42825
2.5772
-1.5978
-1.5178
-0.79876
3.5187
-1.3462
-0.61514
-0.69587
2.846
-0.97628
-0.47068
-1.054
3.6169
-0.70084
0.47324
-0.7557
4.243
-0.84479
0.38548
-1.1448
-0.32433
-1.6728
3.4404
-0.64004
3.0488
-2.2962
2.5772
-0.71306
0.093666
-1.8224
0.56242
-0.89267
2.9428
-1.4244
0.17877
-0.28096
-0.51494
-0.32179
3.4263
-2.3444
0.35102
-0.7139
-0.046385
-0.31515
-0.66374
-2.5442
1.9453
-0.95535
-1.2572
-0.15966
3.3798
-0.070608
3.5187
-3.7274
1.2605
-1.0787
2.0796
-1.7536
2.8582
0.050294
-1.3319
0.61686
0.38548
-0.24062
-1.7393
-1.0004
-1.0012
-1.1376
1.2505
-1.5913
1.4181
-0.74206
4.4336
-0.93718
-0.94858
0.5075
-0.69753
-2.0422
1.6207
0.55565
-0.31301
-0.66367
0.1689
-1.705
-0.12797
-0.4254
2.3147
-0.60074
0.98172
-0.36942
3.4404
-2.9679
1.7155
-1.7739
1.4983
-1.3196
0.066079
-0.32707
1.5179
-0.10263
3.631
-0.21599
4.243
-1.3067
-2.129
-1.3919
-1.9733
-2.9914
-0.66334
-1.1975
3.4404
0.21907
-1.8863
-0.9954
-0.12797
0.25215
-2.1641
-2.5492
-0.35454
-0.75124
2.8582
-1.7036
-0.22691
-2.1505
0.19488
0.05113
-1.5265
-2.8332
-0.2692
-0.03711
-0.51485
-2.0814
3.4404
-2.104
3.5187
-1.1466
-1.461
-2.0375
2.9428
-0.41105
-0.45454
0.31495
2.1043
-1.4216
-0.56537
-0.11254
-0.13538
0.57965
1.0475
-0.097945
-1.0386
-0.82573
-1.3781
-3.5357
0.51378
-2.2084
3.5187
-0.66844
1.4228
-0.18581
3.7172
-2.4725
-1.3704
-1.2059
1.8284
-0.42174
0.096581
-1.1511
-0.65442
-2.6872
-2.0441
0.28866
-0.94858
-2.129
-0.096939
-0.3764
2.1043
-1.5138
-1.5737
-1.194
2.5631
-1.8172
3.0876
-1.3847
0.34038
-2.3134
0.98172
-0.20785
-1.4826
-0.19937
-0.65442
-2.5591
-2.0095
-1.5583
-0.92646
-1.1802
1.7922
-1.5198
-0.96014
-2.6072
4.4336
-1.6829
-0.88786
-1.0162
1.9453
-0.7887
1.377
-1.9723
-0.54956
-0.74102
0.1689
-1.1893
3.5187
-3.7794
1.3984
-3.0164
-2.5716
-0.88736
1.5539
-1.0841
2.9428
0.36278
-1.4536
-1.826
1.6095
-1.0159
-1.3668
-1.2823
3.1581
-1.5514
-0.10473
-1.65
2.8582
-2.4765
2.6555
-0.70889
-0.66374
-1.1514
2.8582
-1.1744
-1.5578
-1.1446
-1.6149
-0.92198
0.37348
0.53715
-1.216
-3.1653
3.7093
-1.1114
-0.65442
0.2474
4.243
-2.7763
-0.69531
-0.40964
2.854
-2.7262
3.7093
-1.3487
-0.13538
0.25916
-0.36714
-0.88191
0.080457
-2.4819
1.3036
2.0704
-0.88786
-1.0735
-1.8713
-1.6675
-0.51494
-0.39685
-1.4416
-0.8408
0.55964
0.0031203
0.83808
-0.10263
3.2782
-2.4122
-0.64518
-1.1476
-0.2837
-0.99825
2.6555
-0.073917
0.68847
-2.8927
-0.62411
-2.0334
0.44043
-1.1158
-1.3704
-0.63883
0.80729
-2.3889
4.243
0.073887
-0.17654
0.72241
-0.2837
-1.3654
-0.59007
-2.6964
-1.6219
-2.6411
-0.35454
-1.9193
-0.21123
-3.7999
2.8582
-0.54866
-1.9918
-2.1665
1.9453
-2.166
2.9675
-1.7698
-0.65442
-0.097664
0.1689
0.55844
1.916
-0.39212
-0.51494
-2.1397
-0.16818
-2.6489
-1.8621
-0.85671
-0.29142
-1.7355
1.7998
-0.34883
1.2417
-1.1006
0.80729
-2.0874
-1.3668
-1.1928
0.52512
0.53529
-1.3704
0.030421
-0.39623
-1.4928
-0.50362
-0.0094363
2.9428
-0.43743
-1.1407
-1.6093
-1.4415
-2.2281
0.99789
-0.096041
-1.9996
-1.9111
-1.3781
-2.0294
1.9361
-1.8986
0.5167
-3.1306
0.80729
-0.93011
3.5187
-0.34709
-0.12797
-2.3557
0.016431
-1.911
-1.652
-0.42746
-1.5555
-2.2472
1.4228
-1.1514
-0.75331
-2.9687
0.90395
-2.6489
-0.94858
-1.2503
2.854
1.2771
0.18431
-0.70524
0.31268
-1.7901
1.6135
-4.0826
-2.0441
-2.0962
0.19947
-0.5073
0.025647
-1.2655
1.5676
-1.2075
-0.52953
0.4697
2.9428
0.62541
-1.5294
-1.2205
-0.51494
0.062671
2.9675
-0.92123
1.7858
-0.78207
2.2864
-1.0656
3.4263
-0.046105
-2.0425
-0.91897
0.57197
-0.51825
3.4404
-1.7641
-0.11033
-2.5038
0.51378
-0.0012395
3.4263
-2.3533
-0.40448
-0.49618
1.2275
0.24173
-0.38555
-1.7347
0.43867
-0.14749
2.0796
-4.4781
-0.75866
-0.18581
2.9428
-2.6002
0.27313
-1.991
-1.2169
-1.3738
-0.11924
-2.2277
1.5539
-0.40115
3.1581
-2.7778
3.4404
-1.2298
1.4228
-1.5286
1.9585
0.13125
-1.0607
0.56425
-0.38001
-1.5056
-0.34523
-2.8259
2.8582
-1.3524
1.2941
-0.58846
1.2275
-1.4482
3.4263
-1.3617
2.3147
-1.9862
-1.6942
-2.5332
-0.39348
-0.46933
0.25287
-2.7785
0.80043
-0.95177
-0.06326
1.0911
0.17493
-1.859
-0.51494
-0.98287
