-0.52765
-0.84549
3.5249
-1.6916
1.6787
-1.2208
3.1011
-1.219
2.9014
-2.5517
-0.67746
0.30527
0.53874
-1.0148
1.7194
-1.7001
2.4284
-3.08
3.8095
-1.762
2.7669
-1.4553
4.1038
-1.6004
1.8593
-0.80571
2.3976
-1.454
2.6335
0.0095889
1.8882
-1.1738
0.71099
-0.53649
0.74695
0.52881
1.5869
-0.52499
-1.5407
-1.5173
-0.35658
-1.231
-0.76823
-1.6731
2.2379
-2.0938
2.4711
-0.59232
1.1774
-1.4597
4.0309
-0.79785
-1.2628
-0.40268
-0.42882
-1.4138
1.3746
-0.17512
-1.2868
-0.26996
4.0309
-1.1559
2.2378
-0.14579
0.93755
-1.9339
1.3499
-0.65242
-0.35658
0.70838
-0.35658
-1.7124
1.9037
-0.85729
1.6194
-1.7271
1.2409
1.9114
-0.90986
-1.1164
2.4711
-2.5705
-0.84288
-0.55832
-1.6656
1.3566
1.1188
0.39458
2.6001
-0.61189
-0.48686
-1.2955
1.2894
-0.076233
-0.67746
0.96692
-1.9709
0.058085
0.83435
-0.7392
1.4315
-1.3877
2.3285
-0.52081
0.6579
-1.7646
1.2747
-0.36282
3.4493
-0.48757
-0.19142
-2.315
1.7281
-0.67593
2.7907
0.69813
2.7669
-2.4976
-2.126
-0.34138
-0.24184
0.87761
3.3665
0.51381
-1.2628
0.059536
-0.06308
-0.75012
0.91394
-0.49339
3.1677
-2.3148
2.7669
-1.2929
3.4967
-1.1328
-0.52765
0.76656
0.83073
-2.4276
1.7757
-0.35625
2.848
-0.37638
-2.2534
-0.13827
2.4269
0.46134
-0.46592
1.6981
2.5861
-1.4177
0.91542
-1.3525
-0.24184
0.13147
-1.5765
-0.38242
-2.5155
0.21548
1.7871
-1.6059
-0.032471
-0.94669
0.93755
-1.009
1.7127
-0.74473
2.7225
0.050024
-0.52765
-0.98602
1.9759
-2.155
1.1188
-2.4468
0.74695
-1.4412
-1.2628
-1.2743
0.7718
-0.70237
-0.24184
0.10812
3.6399
-0.61844
-0.42882
-1.661
2.4284
-0.41741
-0.34766
-0.31871
1.1188
-0.54214
-1.2868
-2.5941
3.1677
-0.56503
2.8873
0.42425
0.74695
-0.8043
2.248
-2.2167
-0.42356
-0.65014
2.2806
-0.31457
0.51555
-1.7864
3.3284
-1.5118
-1.3902
1.1726
-0.46592
-0.60878
1.1188
-0.93075
2.1138
0.31809
-0.76987
0.66621
-2.2534
-0.071139
0.86239
0.57433
0.6579
0.38988
-1.3902
-0.047281
-1.1996
-0.15854
-1.1077
-0.95728
-0.67746
-2.0056
3.9553
0.090005
-1.2198
-0.13797
-0.55109
-0.13452
3.1677
-0.76257
2.4711
-1.5089
2.4729
0.17663
-0.85537
-0.25897
-0.43377
-0.54226
-1.3902
-0.57882
0.71099
-1.1516
1.5869
0.39232
3.6873
-1.2327
1.635
-1.4526
-0.24184
-2.1665
1.5221
0.76552
1.1188
0.45532
-1.3909
-0.5288
0.093218
-1.6033
1.8882
0.36664
-1.0273
0.35145
1.7775
-0.34585
0.8649
-0.90289
1.5106
-2.9153
2.1294
0.15249
2.7701
-1.3765
1.1188
-2.711
-2.2534
-0.70041
1.5221
0.72107
-0.10856
-0.29747
-0.46592
-1.3292
1.5626
-1.5635
-0.6338
1.6272
0.7237
0.077704
-1.3909
-1.1279
1.0551
-1.2574
-2.6326
-1.7979
-1.2628
-0.22617
0.09497
-2.3384
-1.3902
0.64094
-0.42882
-0.73406
3.1011
-0.47033
0.71099
-1.3242
-0.67746
-1.3622
1.5869
-0.66935
0.11339
0.49084
2.6001
-1.5748
2.1379
0.38988
-2.0295
-0.91979
2.857
-0.36823
-0.80238
0.20717
-0.24184
0.42744
-0.24184
-0.97378
-0.9171
-1.8014
2.4729
-1.0415
1.1188
-0.98024
3.4967
0.31353
4.0309
-1.9846
1.6976
1.1738
2.2362
-3.351
-0.35658
-1.0347
2.5861
-0.36395
-0.42356
-0.08218
0.093218
-0.95375
3.4504
-1.1632
2.2378
-1.3299
0.83435
-3.144
1.7369
-0.70566
3.4967
-1.5544
2.6967
-0.99844
3.5446
-0.70089
0.26065
-0.87049
2.2378
-1.4433
-1.0722
-2.3748
0.6579
0.052585
1.0621
-0.99451
2.6001
-0.93164
3.4646
-0.64383
3.4967
0.27387
0.6579
-2.8733
-1.3902
0.067054
-0.25405
-1.5915
2.5861
-0.80252
-1.8242
-1.3379
3.5249
1.0128
1.7999
-0.91172
1.1774
0.020408
0.70615
-1.8211
1.7369
-0.32226
-1.3902
-1.5471
-0.76987
2.0878
3.1677
-0.87112
-1.3909
0.056335
-0.46592
-0.49574
-1.014
-0.63628
3.4493
0.36396
1.7369
-0.64267
-2.2534
-0.85141
-1.3902
0.36212
-0.33705
-0.86475
-2.2534
-0.90694
0.48096
-1.775
1.8882
0.47457
-0.063441
-0.76506
-0.85537
0.84215
1.1924
-1.6237
1.7281
-1.582
3.5249
-0.57901
0.93671
-1.8894
3.5571
-0.58949
1.8419
-2.3511
0.53874
-0.8697
0.48186
-0.361
-0.27532
-0.54092
-0.76987
-1.4058
0.83073
0.17202
1.756
-0.35714
2.4729
-0.11405
1.6976
-0.72361
-0.52765
-1.1006
2.0907
-0.52724
1.6513
-1.5967
1.8882
-1.5357
-1.3909
0.065861
0.82617
-1.1023
-0.24184
0.2419
0.61529
0.074856
-0.12363
-0.80468
3.4493
-0.74222
-0.46592
-0.25347
2.6335
-1.509
-0.33705
-2.3364
0.9016
-0.67588
1.1774
0.52521
0.34813
-0.25049
2.4652
-0.48271
2.4729
-1.5688
0.67178
-1.2252
4.0309
-1.3215
2.5861
-1.3331
1.8882
-1.092
0.6579
-0.047622
1.1188
-0.44422
2.2029
-0.34118
-0.24184
-2.065
-1.1996
-1.1893
2.6001
-0.03113
1.3442
-1.1277
-1.6656
-0.54012
2.857
-1.5973
0.10271
-0.79769
2.2379
-0.9278
-1.3902
-0.65109
2.9653
-1.5233
1.7163
-0.0439
-0.19142
0.065813
-1.3902
0.40935
-1.6579
-1.57
2.1138
-0.37047
1.368
-0.47379
4.0309
-1.4438
1.7757
-0.97064
2.7907
-0.29229
1.7281
-3.351
1.5221
-3.6597
3.3343
-0.51381
1.5221
-0.51711
1.6976
-1.1286
-0.72813
0.53575
-0.67746
-0.26908
0.63557
-0.72891
4.0309
-0.44313
0.65888
-0.105
-0.24184
-0.12571
2.7669
-0.19586
0.92387
-1.4798
0.67178
0.29612
3.6399
0.039349
1.7163
-1.5266
0.71099
-1.6532
3.4493
0.28879
2.7225
-0.72512
-0.85537
-1.8549
-0.52765
0.99996
-0.6338
0.49035
2.6001
-0.13357
-1.2198
-3.0274
-1.0722
-1.5885
3.4967
-1.0049
0.31424
-0.82425
4.1038
0.7472
