-0.54123
-2.5438
3.103
-0.24543
2.4479
-0.38956
3.2309
-1.7125
2.0492
-2.4544
2.9124
-0.17358
0.47174
-0.35811
1.1509
0.5672
-1.145
-0.75572
0.13475
0.058092
2.3099
-1.0231
2.1896
-1.9375
1.9886
-0.92289
2.6385
-0.10832
-1.9876
-0.16812
-0.093796
-0.47125
1.6814
-1.1167
2.3099
0.29755
1.6814
-0.79619
2.0492
0.40165
-0.061849
-0.51264
1.5847
-0.2748
-0.22856
-1.6467
0.28371
-1.529
2.8518
-0.050881
-0.13136
-0.56103
0.63464
-0.54359
3.8835
0.022395
-1.1009
-0.41996
-0.8901
-1.8015
-0.54123
-0.83485
2.3099
-0.10928
3.9663
-0.22169
-0.49446
-1.3338
2.7254
-1.461
2.7238
-1.5559
0.8182
-0.90647
0.059241
-1.8843
0.94294
1.0297
2.4261
-0.39937
0.2044
-0.13711
-0.61766
-2.0692
-1.2288
1.7026
-1.1171
-0.71592
-0.2844
-0.17901
0.97868
-1.0637
2.2375
-2.1723
1.1997
-1.3226
-0.99457
-0.4136
-0.98902
0.45489
2.9144
-0.44976
0.059241
0.99615
2.3099
-0.78863
3.0203
-0.82163
0.94294
-0.095815
1.8261
-2.5844
1.6814
-1.1575
1.3783
-0.22221
1.1509
-1.7994
-0.98902
-0.74953
-0.1638
-0.97821
-0.72291
-1.6582
2.0903
-0.86765
2.1896
-0.31708
-0.20346
-1.8068
1.8606
-0.79271
1.1997
-0.80961
-0.2844
-1.1955
-0.2844
-1.8836
2.8518
0.2563
0.34958
-0.61972
-0.6501
-0.60531
0.32445
0.19328
0.2044
-0.84444
2.0903
-0.48667
0.2044
-1.6102
-0.19789
-0.16684
0.46757
-2.4349
0.96463
0.5951
1.0676
0.16288
-0.2844
0.84686
0.28371
-0.83433
3.103
-1.3064
0.96217
-0.25553
1.5238
-1.0054
-0.13136
-0.45302
0.85672
-0.22742
0.77157
-1.5429
3.2309
-0.53404
2.7238
0.37813
1.9886
-2.8638
1.7396
-1.5968
-0.093796
-0.18696
0.94294
-0.94535
-1.0147
-0.6241
-0.66514
-2.3685
0.54429
-1.5284
-1.0667
-0.25781
-3.4715
-1.7177
0.96217
-1.652
1.3256
1.1579
2.9589
-0.25256
0.54429
-1.2418
-0.9394
-0.62519
1.1997
-0.52789
0.77157
-1.8571
-0.1723
-0.72269
-0.13136
-1.4221
-0.42189
-0.94865
-0.61766
-0.87635
-0.1723
-0.66465
-0.075122
-1.2329
1.3783
-0.32297
1.1876
-2.2218
1.1395
-1.1842
0.026803
-0.22962
-0.91623
-0.072391
-0.2844
-1.9376
0.38867
0.98665
1.4467
-0.63958
-1.467
0.16288
1.5847
-2.6786
1.4467
-0.23677
-0.2844
-0.71296
-1.5059
-0.75245
-3.3318
-0.44768
-1.3356
-1.7861
2.0903
-0.94698
2.3099
0.031035
2.916
-0.69597
-0.2844
-2.298
-0.2844
0.14865
2.3099
-0.85164
1.1997
-1.3318
-1.027
0.38405
1.0676
-0.36367
2.5005
0.53841
1.5847
-0.8058
2.3802
-1.2976
1.2271
-1.5841
-0.093796
-1.3583
0.77157
0.10121
0.17428
-1.4448
1.6814
-1.591
0.87636
-2.1746
1.1469
-0.71293
0.34958
-1.064
1.7396
-1.2989
0.66058
-1.2638
-2.0082
-0.28689
-0.56448
-0.65855
1.8606
-0.86527
0.031795
-1.4248
-0.57912
-1.3914
1.7396
0.36121
2.3099
-0.27544
2.3099
-0.30651
2.0903
0.3379
1.8241
-0.62268
0.77157
-0.20607
3.2309
-2.5679
-0.1638
-2.0225
-2.3248
-0.35634
2.8518
-1.7031
2.9185
-1.7506
0.89492
-1.1295
1.1876
-0.77621
2.3099
-1.4953
0.77157
-0.56084
-0.42189
0.52878
2.916
-0.691
3.2309
-0.6691
1.0676
-0.50033
1.0676
-0.84992
0.19806
-3.3562
1.6814
-2.2187
2.7446
-1.063
-0.45024
-0.84974
-1.7548
0.84203
2.3099
-0.53333
0.28409
-0.19785
-1.027
-2.2331
3.2309
-0.96988
2.0492
-0.33387
2.3098
-0.63726
1.1997
-0.54158
-1.7721
-0.73455
1.8236
-0.76493
0.28527
-0.66743
2.7238
-0.4991
2.8746
-0.84405
0.16651
-2.4469
-0.62116
-0.07014
2.4479
0.16876
2.916
-0.84642
-0.1723
-0.61918
-0.54123
-1.7047
2.7254
0.56093
-1.1171
-0.61722
0.61225
-0.7271
1.1997
-0.81172
1.3783
-1.399
2.7254
-0.045815
1.1469
-0.90461
2.2809
-0.73441
1.8606
-1.2262
2.9124
-0.83975
0.77409
-1.1295
-0.22552
-1.6651
0.2044
-0.81431
2.3099
-0.53543
2.2375
-0.36845
-1.7721
-1.4731
0.27633
-1.8749
-1.1044
-1.7756
-1.467
-0.93065
1.9302
-1.7874
2.3677
0.59742
-0.9856
0.63046
2.9144
-0.19861
-0.093796
-1.151
2.7254
-1.2866
-1.2092
-1.0384
0.54429
0.37862
1.3301
0.089182
3.0203
-0.73866
3.9663
-1.1917
3.4215
1.0981
2.916
-1.0647
1.0676
-1.0579
1.3903
-1.2972
-0.54123
-0.49683
1.0676
-1.7417
-2.0309
-0.55817
3.8835
-0.42609
1.829
-1.8209
2.7683
-0.94153
1.4507
-0.068794
-0.13136
-1.0906
2.6385
-0.7217
0.33653
-0.4148
4.0741
-1.4618
-1.1171
-0.65331
1.3256
0.79833
1.0676
-1.2511
2.7683
-0.24391
1.7396
-1.3819
3.0203
-0.057283
1.804
-1.1958
2.916
0.82322
2.3099
-0.44289
2.7683
1.2287
-0.51362
-0.17786
0.78808
0.31507
1.5453
-1.8681
-1.4616
0.36401
0.96087
-2.0818
1.2582
-1.072
0.19806
-0.71136
1.1997
-0.90986
0.28371
-0.2439
1.1876
-1.3829
2.5005
-0.27641
2.7238
0.29614
0.34958
-1.4708
0.33653
-1.117
2.4479
-0.66986
2.3099
-0.70795
0.2044
-2.7035
-0.069269
-0.20446
1.8622
-0.63576
0.079736
0.093277
-2.0309
-0.63275
0.76628
-1.2663
-1.3004
-0.12852
-0.7707
0.8976
1.2582
-1.3942
0.54429
-1.6522
-0.21689
0.046707
2.6385
-0.039614
1.1997
-2.057
0.77157
-1.2101
2.7238
0.39292
1.1509
-0.97452
1.5238
-0.13206
0.71344
-0.6346
1.7396
-2.014
-1.7072
-0.24151
2.3099
0.10624
0.28371
-0.71688
0.19806
-0.44569
-0.2844
0.32593
1.3264
-2.6378
2.7683
-0.11169
0.059241
-0.3334
0.32445
-2.0572
1.0676
-2.1741
-0.72291
-1.571
2.7683
-2.1148
1.0676
-1.1974
1.1469
0.61384
1.2322
-0.58645
2.9124
-2.2878
1.9051
-0.96688
3.4215
-1.1135
-0.2844
-0.64817
-1.4044
-0.54723
-0.1723
-0.22299
2.6385
-0.66004
2.9124
-0.53729
0.96217
0.41771
1.1876
-1.8471
-0.23766
-1.9371
1.1997
-0.78832
-2.6083
-0.5259
2.0903
-0.5383
-0.012859
0.3143
-0.97872
-1.376
-0.78811
-0.39171
0.28371
-0.60786
-1.5572
-1.6542
3.0203
-1.5029
1.3415
-2.0558
1.6814
1.5222
-0.31891
-0.20199
-1.271
-1.0164
0.28371
-0.4713
-2.3427
-0.37243
0.54429
-0.051574
2.9124
-0.27541
0.96217
-0.51851
1.9302
-1.4366
1.8241
-0.070494
0.026803
-1.3779
2.0492
-0.5261
3.1091
0.30879
0.94294
-0.83756
1.4263
-2.4412
1.7396
-0.068277
-0.13136
-1.4279
1.0676
-1.7654
2.7254
0.28439
0.77157
-0.44959
3.0203
-0.88997
2.8518
-1.37
-0.36555
-0.16514
1.8606
-0.088828
-0.1224
-1.1718
1.872
-0.53603
-1.1476
-0.98349
2.7683
-0.91154
1.0676
0.62839
0.96217
-0.74203
1.2271
-2.0971
-0.7707
-1.8368
-0.12197
-1.1446
0.96217
-1.4677
2.9144
-0.7082
-0.36555
-0.88578
0.24994
-1.032
1.0676
-0.41795
3.3636
0.62882
2.3099
-1.7621
1.1997
0.32042
