-0.7477
-1.184
2.6334
-1.1684
1.9531
-0.96926
2.5756
-1.0705
1.2582
-0.57978
-0.063782
1.131
-0.98827
-0.77017
1.2164
0.74942
-0.017232
-1.5102
0.88975
0.9508
-0.65979
0.32475
-0.26892
-2.7162
0.87092
0.64911
1.124
0.92379
-1.5829
-0.27917
3.7697
0.12143
0.93337
-1.5715
-0.30393
-1.0048
-0.30393
1.1937
-0.88828
-0.58424
-0.6804
0.55283
-1.6466
-0.44968
1.9166
-0.89876
-1.5436
-0.040776
0.33377
-0.63311
2.6332
-0.02103
1.1476
-1.404
1.7638
-0.50419
0.029197
-1.6553
-0.79251
-2.0904
2.1214
0.96616
1.7341
-0.35103
1.3636
-0.57009
-0.52943
-1.1665
1.7638
0.98801
0.74165
-0.11278
-3.7326
-1.1702
-0.46918
-1.7317
0.74165
-0.13691
1.2478
-0.34662
-1.1321
-0.61899
-0.75522
-0.26724
0.2426
-0.87139
0.20792
-0.63937
0.86927
0.083521
-1.89
0.16692
0.4061
0.46274
0.93337
-0.10869
1.7124
0.88404
-1.1671
-3.2367
0.50158
-1.0291
1.407
-0.7233
3.5791
-1.0947
-1.0384
-1.362
-0.26892
-0.63136
-0.59279
-0.22625
0.9874
0.79219
1.1412
1.4267
1.7341
-2.2635
0.82977
1.5621
-0.41119
0.16649
0.7832
-0.87559
-0.98625
-0.51583
-0.36391
0.28731
0.21415
0.058036
-0.59279
-0.68092
0.070688
-0.9292
0.8924
-2.7162
3.5791
-0.74164
3.3608
0.25498
0.21415
-0.25788
-1.3847
-0.20755
-0.50065
-0.52541
0.90064
0.015712
0.33377
-0.83543
-2.0421
-1.4529
-0.65979
-0.81795
-0.37438
-0.91918
0.7643
-0.3002
-0.74538
0.024397
0.88975
0.0086003
1.9166
-1.8512
-0.46918
-0.67209
-0.39884
0.09348
-1.53
-0.48512
1.2164
0.22557
1.7638
-1.3304
-0.66946
-1.1168
0.93337
-2.0901
-0.96258
-0.77638
-2.9814
-1.4337
0.06777
0.15258
1.1412
-1.181
3.5791
0.031172
1.083
0.52539
2.7159
-1.3345
0.7832
-0.28679
2.7159
-0.088879
1.0405
-0.3734
-0.39138
-0.58756
-1.6593
-0.32386
1.578
-0.61083
4.0608
1.3092
-1.3847
0.26503
4.0608
-0.34021
-0.6804
0.079751
-1.1789
-1.3077
-0.74916
0.98338
2.6332
0.15934
-0.35245
0.80111
0.2113
-0.1576
1.4069
0.59513
0.9738
-0.41257
-1.532
0.89049
-0.26892
-0.15259
1.9306
-0.17457
-0.66946
-0.042641
-0.78344
-1.4072
0.40475
-0.12929
-1.8903
0.56174
1.1058
0.19706
0.2426
-1.3243
-1.1321
0.34174
0.16694
0.43104
0.7832
0.91752
0.87677
1.1577
-2.0813
-1.1713
0.16694
-1.0402
1.8512
-1.1189
2.0943
-1.3697
3.5791
-0.17786
1.7502
-1.0746
-0.65979
-0.93175
-1.6593
1.1845
2.3828
-1.3044
0.81699
0.21808
-0.55709
-0.47002
-0.12155
0.35485
-0.30458
0.17485
0.30984
-0.15403
1.124
-0.88874
0.93337
-0.88601
0.91949
-0.23658
0.7832
1.5275
0.90064
0.63053
2.5702
-0.12481
-0.7477
-1.2743
-2.1958
-1.9792
-1.3584
-0.93423
-0.50065
0.79219
1.2582
-0.25214
0.28438
-0.066898
-0.063782
-1.5234
-0.64906
0.036231
-0.89838
-0.61234
-0.65979
0.24258
-1.0469
-1.5908
1.7341
-1.0588
-1.53
0.9912
-1.3312
-0.98215
-0.7477
-0.32051
-2.0813
-0.47367
-1.4274
0.21119
0.88975
-0.56455
1.3327
-1.8958
0.9506
-0.84338
4.0608
-0.71369
-1.0662
-0.46262
-1.3319
0.69523
-0.74538
0.63264
1.5233
-1.3463
2.1214
-1.6982
0.57813
-1.0955
0.9506
-2.8623
-0.80891
-1.9305
1.9037
-0.87442
0.55456
-0.68274
3.5791
-2.7801
-0.69626
-2.4616
2.1214
0.13267
-0.65979
-1.4183
-2.1944
-1.0962
0.9506
-0.71211
-1.2817
-1.5166
-1.5436
0.30912
1.9037
-1.1352
3.5791
0.39293
1.3649
-0.27486
0.50111
0.2519
2.1214
-0.028071
1.0804
0.89452
1.8512
0.47354
0.66269
-0.99053
-0.7477
-0.63154
-1.2816
-0.30328
-1.53
-1.9926
1.2164
-0.58548
-1.5758
0.358
0.9874
-0.057883
-0.59279
0.28301
1.2282
-0.30303
3.7697
1.5076
-0.063782
-0.33352
-0.063782
0.050527
0.26129
-0.6404
1.9166
-1.0367
3.5791
0.43104
-1.3319
0.13984
-0.69599
1.2174
-1.1321
-1.7799
-0.65979
0.31169
-1.234
0.95626
1.9037
-0.43792
-0.070163
-0.83329
-2.3932
0.35471
0.16694
-0.82711
-0.46918
0.30361
-0.52943
0.084435
-1.6496
0.26209
-0.22787
0.015527
0.52438
1.2201
1.6814
-0.20032
-0.6615
1.7328
2.4428
-0.19215
2.9704
-0.2326
0.0060696
-0.63959
2.7608
-0.39632
1.6336
-0.34986
-0.70777
0.18868
-2.131
-0.50192
0.55316
0.81954
1.0409
1.0392
2.39
-0.7981
1.2582
-2.2028
1.5603
0.48981
4.0608
-0.050005
2.5702
0.16279
1.3327
-1.3129
0.7832
-1.2488
2.0418
-0.74072
0.93829
-0.94274
0.55316
1.1937
1.7341
-1.2542
2.7798
-0.099688
2.2172
-0.63922
2.1214
-1.347
1.1863
-1.4239
0.32306
-0.89297
-0.078315
-1.919
-1.3394
-0.5697
3.5791
0.54269
1.3874
-0.18059
0.98798
0.077026
0.2113
0.090958
-1.3319
-0.45198
0.070688
-0.72745
-2.9814
-1.7191
0.40475
0.13097
-0.1028
0.010463
0.2113
-0.22637
-0.72158
-0.33781
2.6332
-0.66848
3.7697
-1.0115
3.5791
-1.4773
3.3608
-0.67319
-2.0421
0.34305
0.76766
-1.2996
-0.53042
0.31995
-0.04621
1.194
2.2172
0.90539
-0.50065
-0.90563
0.029197
-0.76467
-0.6519
-0.60878
0.9506
-1.8953
0.18498
-0.76828
3.0928
-1.5359
-0.55709
-0.16883
0.74165
0.79745
2.7798
0.10468
1.0599
-0.10903
0.67128
0.50187
0.27042
-0.74468
0.74165
-1.2064
-0.46832
-0.64062
-0.65979
-0.11949
-1.4353
0.012488
-0.48221
-0.213
1.1058
-0.85355
