3.311
-3.5369
-0.13527
-2.1297
4.2323
-0.42579
1.5904
-2.6569
2.2109
-2.5292
1.5904
-1.016
-0.13527
-2.1119
1.2833
1.0124
1.7811
-2.6308
-0.32588
-0.68825
2.2271
-2.0685
3.7324
-0.58536
3.3691
-0.56221
3.0917
-1.8739
-1.03
0.41852
2.4177
0.73217
1.2833
-0.74785
-0.6413
-0.10824
4.2323
-2.1297
2.8692
-1.3619
1.2833
-2.5187
0.72725
-1.171
-1.1891
-3.2285
-1.1891
-0.43255
-0.16683
-0.85092
-0.058724
-2.0007
-0.18488
-0.041592
3.7324
-0.70261
0.55722
-1.6378
0.42011
0.31956
-0.058724
-2.2914
0.74071
-2.4569
4.4229
0.41283
2.8692
0.60461
3.311
-0.82945
4.2323
-0.35488
0.42011
-0.6211
4.4229
-2.2812
-0.32588
-1.8784
2.8247
-1.389
3.3691
-1.6518
2.8247
-2.8787
0.72725
-0.099165
3.311
-0.79384
-0.6413
0.34122
3.923
-1.6548
1.1042
-0.83852
2.2271
-0.56113
2.8692
-1.7379
2.4478
-1.5355
-0.13527
-0.82331
-0.13527
-0.054282
1.2833
-1.0136
-1.1891
-0.57381
4.2323
-1.1029
1.3638
-0.54365
3.311
-0.92116
3.5016
-2.494
3.0741
-3.1317
-0.53046
-1.2318
2.9011
-1.0131
3.311
-0.1295
4.2323
-1.0213
3.7324
-0.31304
1.5904
-0.9042
2.8692
-1.5199
0.33275
-2.3883
4.2323
-1.7749
-0.16683
-0.21579
3.0741
-1.5835
3.7324
-1.5448
-0.81217
-3.3677
2.8692
-0.58397
3.3691
-0.72853
-0.32588
-0.55806
-1.5045
-3.466
0.33275
0.030897
2.9011
-1.1539
2.0408
-0.11676
2.9011
-1.3135
4.2323
-1.4064
2.8692
-1.455
4.4229
-0.20503
3.923
-1.9752
3.311
-0.32795
2.9011
-1.6487
4.2323
-1.9837
3.311
-1.5428
1.5904
-3.3061
3.7324
-2.0572
3.3691
-1.2876
3.7324
-1.2044
0.13188
-1.2475
1.2833
-1.9721
3.0917
-1.3727
2.2109
-1.4843
4.2323
-1.6577
3.3691
-1.3467
2.0379
-2.2496
1.4739
-1.5609
4.2323
-2.2239
3.2647
-2.0647
3.7324
1.1144
2.8247
-0.67345
3.311
-1.0055
4.2323
-1.1632
2.2271
-0.5896
4.2323
-0.43886
3.7324
-1.0809
1.8318
-1.698
3.311
-0.40773
2.2109
-1.1314
4.4229
-0.81537
4.2323
-1.6276
3.311
-0.082952
3.2647
-2.092
-0.058724
-0.27267
2.2271
-3.2813
3.923
1.2204
-1.5045
-1.8007
3.311
-0.24649
2.4478
-1.1822
3.3691
-2.2435
1.2833
-0.68875
3.7324
-1.1433
2.4478
-0.35501
2.9011
-0.74654
3.311
-1.3102
-0.32588
-1.5505
3.2647
-0.62289
-0.16683
-0.71018
4.2323
-1.3032
3.311
-2.2596
-0.32588
-0.69941
2.4478
0.15133
-0.32588
0.016493
4.4229
-0.042431
0.72725
-1.4845
-0.13527
-0.61116
0.72725
-1.7288
4.4229
-1.7379
3.7324
-1.8007
4.4229
-0.56174
1.5904
-1.6733
2.4478
-2.2461
-0.6413
-0.66826
-0.32588
-1.374
2.2271
-1.5355
2.8692
-1.0327
2.4478
-0.20646
-1.03
-1.0684
2.4478
-2.7577
3.7324
-2.181
2.4478
-0.93519
3.311
-1.4781
1.4204
-0.7478
