2.1957
-1.5197
2.3657
0.30812
-0.43466
-0.51444
-2.0405
-1.5783
-1.1938
-1.1981
2.046
-1.9725
0.70183
-0.92087
2.9975
-1.9221
0.88669
-1.4097
2.9975
-0.38369
-0.20261
-0.88072
-0.79654
-1.5141
2.0042
-1.9017
1.1973
-0.17438
1.171
-0.061753
1.3152
0.60281
-0.79654
-1.6687
2.8674
-0.62776
3.189
0.2798
2.5387
-1.094
2.1751
0.61675
-0.24648
0.098175
-0.065921
-0.16363
-0.83481
-0.87723
0.89823
-0.89929
-0.060323
0.073501
3.1858
0.32039
0.47214
-1.2547
2.87
-0.70468
-2.4961
-0.077246
0.79084
0.92231
0.64078
-0.48482
2.5305
-0.35817
0.26139
-1.9617
0.15256
-1.0654
3.7725
-1.3035
2.1343
-0.9261
1.4898
-0.89458
2.4508
-2.2503
-0.073003
0.015925
-0.35995
-0.0087284
2.4072
-0.1828
1.3325
-0.47807
2.9564
-0.22291
2.9564
0.18765
0.094352
-0.22268
0.35034
-1.6417
-0.75026
0.33722
-0.29984
-1.5745
0.5596
-0.86888
0.19559
-0.3878
-0.55711
-0.082118
2.3399
-0.012738
2.0905
0.18635
0.82143
-1.0089
-0.083568
-0.53607
1.2742
-1.1413
1.5959
-0.28387
0.96486
-0.5407
2.6867
-1.5183
0.60535
-0.71291
2.9975
0.49352
1.2614
-1.2085
2.3213
-0.092837
-1.6329
-0.39471
-0.21313
0.20389
0.84148
-0.79136
2.9975
-2.141
2.9975
0.12546
2.9673
-1.016
3.8185
-1.8967
0.37619
-0.62546
-0.71065
-1.2548
-0.74152
-1.6153
-0.42859
-0.46338
0.19016
-1.7272
1.1246
-0.63601
3.1521
1.405
2.9995
-1.805
0.014718
-0.70671
0.96486
0.60775
1.5876
-2.4852
3.3427
0.75497
0.094352
1.076
-0.16534
-2.417
2.9975
0.098239
0.77963
-0.48071
1.8533
-1.1275
0.89823
-2.38
2.2766
0.44712
2.1512
-1.5859
0.12169
0.13061
-0.0028829
0.69346
0.078459
-0.71291
-0.60594
-0.32177
-1.6295
-0.41684
0.32248
-0.36731
2.9093
0.36953
-1.1255
0.84726
2.6415
-1.0129
3.8185
0.36977
0.19192
-2.2282
2.9975
-0.79046
-2.1192
1.1607
1.1246
-1.1514
-1.1614
-0.45244
1.6058
1.003
1.585
0.10791
3.5499
-0.9175
2.3811
0.58214
1.7737
0.21022
1.4767
-0.13035
0.97024
1.0011
2.8674
-1.6097
2.9537
-0.58423
1.3152
-2.8948
-1.1261
-0.13056
3.5499
-0.95604
0.095429
-0.45115
2.9553
-0.7636
2.1871
0.41779
-1.6597
-1.4812
-0.47658
-2.0366
3.7958
-1.4674
-0.16534
-0.13706
-0.083568
-0.3393
2.3601
-1.4697
2.1751
0.040778
0.16047
0.98221
-0.36496
0.54068
2.3601
0.34484
0.82143
-1.4542
2.9975
0.73363
2.9564
0.73126
2.3226
0.60173
1.2742
-1.9483
0.52641
0.7417
2.9553
-0.61458
0.62916
-0.53373
-0.083568
-1.1533
0.45069
-0.49334
-0.42859
-0.028092
3.058
0.95095
-0.43466
0.051068
-1.4116
-1.2106
0.61672
0.16174
2.1957
-0.91778
0.10943
-1.1953
-0.21682
-2.1872
-0.56262
-0.17218
-1.2483
-0.71802
-0.62041
0.18055
0.95535
-1.251
-0.35995
-0.92741
0.77963
-0.27599
-0.29783
-0.45751
-0.26228
-1.001
3.4019
-0.24973
1.4919
1.278
1.0067
-2.5996
3.7725
-0.52316
-0.79654
0.25449
0.010682
-1.0175
0.96486
-2.6446
0.014718
-2.1562
-0.26228
1.1215
0.55613
0.46804
2.6529
-2.0695
1.1246
-2.4779
-0.17583
-1.8809
-0.048344
0.73677
0.37099
-0.77717
-0.15888
-1.1478
-0.2203
-1.3848
3.1712
-1.301
0.014718
-1.0992
-0.48499
-0.86714
0.53477
-1.8075
-2.4961
-1.9663
2.9564
-0.30526
-0.20252
-0.91035
-0.5274
0.074744
-0.4111
-1.8493
2.0932
-1.9985
2.9326
0.53827
1.6277
0.11777
-0.14348
-1.635
2.5112
0.31772
0.69859
0.27366
3.4019
-0.98351
0.02526
0.34004
2.1957
-0.3104
0.26325
-0.52432
0.0013106
-0.83457
0.52641
-1.2991
0.58224
-0.21124
3.7958
-1.2776
2.4508
0.099174
0.71914
0.40655
-0.14526
0.12486
1.2663
-0.083794
3.3765
0.49814
1.4228
-0.22226
3.0188
-0.32384
1.012
-0.38055
-0.42465
-1.7959
2.9975
-1.2887
0.15256
-1.4869
1.4162
-0.026501
-0.04177
0.15285
3.7332
0.59967
-1.2828
-0.8405
1.6479
0.093347
-0.28096
-2.4035
-1.0658
0.022532
0.05702
-0.54612
2.0439
-0.29941
1.3325
-0.59386
-0.28096
0.55335
3.147
-0.76712
0.77099
-0.89055
2.4603
0.15945
-0.92095
-0.42397
2.9544
-0.92635
-0.048344
-1.1488
-1.2825
-0.85781
-0.36139
-0.19541
0.02526
-1.8372
-0.60594
-0.095274
-1.6329
0.50119
-0.71114
-1.1413
2.9564
0.1331
3.0144
-0.45452
2.5387
-0.98472
1.2171
0.17069
-0.42859
0.32613
3.7725
0.046696
2.2141
-1.5858
0.11407
-0.1672
1.4648
-0.041557
2.9553
0.51186
2.4095
-0.75609
3.7725
-1.6895
0.96486
-0.74546
0.71794
0.077565
-0.33236
0.84978
0.19469
-0.79885
0.09215
-0.33995
-1.3861
-2.2111
3.147
-2.2049
0.33581
0.53313
-0.28453
-1.3613
-0.083568
-0.26942
-1.0498
0.25083
2.9975
-0.76121
2.9975
-0.84035
2.1343
-0.18905
0.34316
-1.1015
0.71794
-0.065145
-0.30332
0.3054
-0.71065
-0.077617
3.4019
-2.9723
0.24609
-0.92954
-0.51892
-0.68014
1.2992
-0.15134
-0.42465
-0.36933
2.1751
-1.5355
1.1849
-1.3575
0.89816
-0.86108
0.96486
0.059034
1.5876
-1.1019
-0.95945
-0.67327
-0.85822
0.49271
2.3399
-0.95604
-0.26002
-1.5318
0.46905
-0.97058
-0.012009
-0.0018312
1.1849
2.0596
0.44451
-0.46284
-0.012009
0.12813
3.1521
-0.19481
-0.42859
-0.43341
2.2766
0.5492
2.9673
-0.163
1.1849
0.14868
-0.86769
-2.1003
-0.43466
-1.069
0.96486
0.82085
3.4019
-1.4208
2.0912
-0.94279
2.9975
0.41326
2.9564
-0.95169
0.2799
-1.3327
1.0067
-1.4225
1.4648
-1.0157
0.26139
-0.87119
2.2794
-1.5869
-0.063819
-1.4403
0.38663
-0.59645
0.0013106
-2.0402
3.189
0.19629
-1.6597
-2.0565
1.8533
-1.2161
-0.41904
-0.53314
-1.4423
-1.625
-0.42859
-1.2691
-0.85822
-0.076911
2.8241
-0.52231
3.9631
-1.2115
2.8674
-0.79046
3.147
-0.85282
-0.79654
-3.2056
3.4019
-0.006097
3.4019
-0.30052
3.4019
-1.3787
0.014718
-1.0359
3.147
-0.83003
3.189
0.3307
3.147
-0.85028
-1.0285
-0.65451
-0.28453
0.65606
-1.1255
-0.85967
1.8758
-1.5998
-0.43466
0.73129
-0.71065
-0.236
2.525
-0.6891
-1.1255
0.19386
-0.11272
-0.43671
-1.6329
0.26938
0.44416
0.16521
0.31802
-0.0042968
0.90974
-0.058886
2.9564
-2.7652
-0.24405
-0.84362
-0.14406
-0.45118
0.90854
-1.9686
0.24279
-0.25025
2.2854
-0.41155
0.69608
0.98941
1.4567
-1.0949
-0.16964
0.37697
2.1871
0.44432
0.95535
-1.3837
-1.2918
-0.78666
2.3399
-1.6326
2.8935
1.3122
-1.6597
-0.24154
0.86249
-0.40458
3.0841
0.10075
-2.4961
0.0075805
2.9564
-0.51201
0.71794
-1.5723
-0.1086
0.79838
-0.86189
1.3597
-0.37687
-1.5026
1.2663
-1.307
1.1973
0.16741
0.16005
-0.82219
-0.43466
-0.027085
1.8536
-1.1045
0.15256
-2.9596
0.21803
0.23558
2.4508
0.37397
0.0013106
0.27249
2.9673
0.31615
2.0906
-0.53796
0.79728
-0.65409
0.048535
-0.86471
-0.26228
-0.94922
0.12169
-1.7709
2.3399
-2.0209
0.98789
-0.41762
0.30647
-2.2695
0.13197
-0.77629
2.0912
-0.48831
0.77963
0.095312
0.0013106
0.40432
0.24279
-1.1944
0.77963
0.38348
1.6277
-0.9279
-0.86189
-1.7176
-0.43466
-0.59259
2.5305
-1.0858
2.9257
0.24422
2.0042
-0.35342
1.7535
-1.4305
0.12169
-0.5014
0.38008
0.071844
2.514
-0.68038
-1.4064
-1.0596
2.1957
0.24422
-1.1255
-0.70708
-0.95838
-0.91313
1.7126
-2.0882
1.7263
0.14536
0.24279
-1.3161
0.38663
-1.6014
1.7308
-1.9507
0.32169
-0.66634
-0.19349
-0.095808
2.1957
-0.033891
0.44771
-0.1994
0.76446
-0.23661
2.7027
-1.1471
1.1555
-2.655
1.7468
0.10093
0.37798
0.46404
-0.79654
1.4123
2.1957
0.25744
1.5876
0.22604
-2.4961
-2.2049
0.60241
-1.3839
-0.20261
-0.5993
1.1802
-0.093138
3.4019
-0.21319
1.2742
0.21488
0.47214
-1.2783
0.54646
-0.75845
-1.1313
-0.33584
-0.71065
-0.53229
-0.24855
0.053523
-0.048344
-1.0752
0.0049825
-0.30689
0.68451
-0.35342
2.4508
-0.86926
-1.2828
0.42855
1.6479
-1.9017
0.30271
-1.4851
-0.43466
0.25791
-1.4188
0.68404
2.9975
-0.12911
2.2794
0.19768
2.0042
-1.9483
-0.92095
-1.2024
0.14345
-1.3714
1.4726
-2.0772
-1.6329
-1.641
2.1751
-0.86471
2.1343
-2.0253
-0.84848
-0.64125
1.0717
-0.31471
1.2742
-2.1389
1.0539
-0.42425
0.96486
0.44535
1.7133
-0.15224
-0.60594
0.13096
-0.4061
0.83592
0.71914
-2.313
1.7146
1.0474
1.3119
0.37697
3.5925
-1.3251
3.6538
-1.4889
