4.108
-1.825
4.2986
-2.0417
4.108
-0.35669
0.21494
-1.535
2.5589
-2.307
2.5865
-0.21676
4.2986
-2.4422
-0.56051
-0.94646
0.11843
-2.0699
3.4221
-1.2985
0.21494
-0.67177
3.1902
-1.3193
2.5589
-1.5454
1.0154
-1.3884
-0.20221
-0.064164
2.7771
-0.64663
3.4221
-0.60009
3.1902
-0.21676
-0.17546
-2.211
-0.64827
-0.23911
2.611
-0.27106
-1.0361
-1.4283
0.3308
-1.1227
2.5589
-1.535
3.1902
-0.89681
4.108
-1.1518
0.92893
-0.30468
4.108
-1.2441
1.4674
-0.71525
1.7478
-0.61321
3.092
-0.7415
-0.17546
-0.67177
0.11843
-0.96465
-0.93537
-1.4886
0.66099
0.49801
1.194
-0.39321
-1.2996
-0.21438
4.2986
-2.1761
-0.17289
-0.85795
0.1747
0.30801
-0.20221
-0.68695
2.7039
-1.7359
-0.20221
-0.87273
1.194
-2.1575
3.4221
-1.1518
0.017719
-0.71525
-0.92272
-0.82197
1.1483
-1.3852
3.2448
-1.9935
3.2448
-0.04481
3.3808
0.65207
0.87316
-0.91365
-0.26081
-2.6706
0.065728
0.49862
0.92893
-0.39521
2.5589
-1.2199
4.108
1.3024
4.2986
-1.2333
