3.824
-2.5461
0.38053
-1.8487
2.9072
0.27898
1.7996
-1.901
0.59718
-1.1904
0.75647
-0.2481
0.82206
-1.2443
3.573
-1.158
3.802
-1.5058
3.4352
-2.2135
3.6113
-1.8741
0.1566
-3.5467
-0.7066
-0.52479
2.5694
-2.557
2.044
-1.8015
0.3472
-0.74509
3.573
-3.0621
0.89997
-1.0249
3.187
-0.76257
0.59718
0.064217
0.85459
-2.5701
2.044
-0.46285
-0.7066
-0.35903
2.7098
-1.4229
-2.3144
-1.1327
-2.3144
-0.025754
0.1886
-0.60707
-1.0453
-1.4859
2.572
0.30882
-2.6888
0.76074
1.7996
-0.12193
3.824
-0.027298
3.0978
0.29333
-3.1776
-0.96449
1.3001
0.47004
3.4352
-0.8697
2.9608
-1.5195
2.5694
-2.8923
3.4352
-0.013233
0.97409
-3.2086
-0.10674
0.4953
1.3188
-1.0244
-0.6746
0.77812
3.824
-0.03496
-0.021395
-2.3001
-1.4949
-1.5482
-1.6382
-2.1177
3.824
-1.6006
-0.5586
-2.3566
-2.5487
-1.3233
0.97787
-1.0725
3.7636
-0.31337
3.6113
-0.79783
-1.9085
-2.5186
1.4604
-1.7277
2.572
-3.0621
0.63146
-1.8434
0.3472
0.41454
2.3915
-0.75711
2.7098
-0.88186
2.3915
-0.99599
0.87188
0.11233
3.573
-0.79562
3.4352
0.26826
2.9072
-1.99
2.572
-0.17199
1.4604
-1.0411
-1.1519
-1.0244
0.30461
-0.68703
3.573
0.35638
2.9072
0.88843
-0.47671
-1.1703
2.7481
-2.1989
2.7098
-1.0725
3.6113
-0.76713
-0.7066
0.074136
